weights 1
[[[[ 0.37939668 -0.0726328  -0.53024811 -0.23453569 -0.83896446 -0.38371247
    -0.95461673 -0.5732699  -0.01422911 -1.19676626 -0.0645623  -0.25883716
    -0.29885006 -0.1080711  -0.10995132 -0.34168348 -0.28121659 -0.4222348
    -0.16601209 -0.34914351  0.73150438  0.15393111 -0.62427688  0.50572628
     0.12940505 -0.29796824  0.75117683  0.7656073   0.1909548  -0.05137372
    -0.05351401 -0.3434965   0.36804238  1.38857508 -0.41000175  0.08567256
     0.6534158  -0.18443276 -0.36486429  0.82780623  0.97616261 -0.22862534
    -1.15268207  0.07394856  0.7572037   0.33125955 -0.40242612 -0.10241538
     0.21767697  0.44137952  0.25542969 -0.25141844  0.35350904  0.65071505
    -0.3899439  -0.1878033   0.26908445 -0.63139981 -0.01504615  0.49659544
    -0.05543316 -0.0701471  -0.48318905 -0.40579072  0.53460348 -0.20305216
     0.89875633  0.7313289  -0.10682515  0.57756746]
   [-0.41680506  0.15468214  0.10215779 -0.3165186  -0.40108085 -0.15446578
    -0.64364314 -0.51374072 -0.33700392 -0.13705565 -0.07259551  0.50816387
     1.34039843  0.47865906  0.30042717 -0.16216755  0.36612743  0.42231742
     0.18493527 -0.79442638 -0.73148501  0.9743458  -0.03923352 -0.50544071
     0.97050655  0.7614271   0.24041913 -0.76044834 -0.59568125  0.93666589
    -0.07933159  0.27584162  1.00243318 -0.17845373  0.48425424  1.96410692
     0.13900872  0.70563036  0.32076597  0.28061444 -0.39035147 -0.8235718
     0.40356091 -0.2702615  -0.00664661 -0.25505054 -0.18034483 -0.28977036
    -0.84515965 -0.31548774 -0.4225933   0.3835099   0.03881889  0.05420865
    -0.2339043   0.17047127 -0.07625326 -0.12329432  0.83594805  0.06644942
    -0.44246513 -0.56157333  0.50669909 -0.65068889 -0.09319905 -1.119941
    -0.50516468 -0.85068244  0.32638729 -0.53471887]]]]
weights 2
[[[[  8.83148015e-02  -2.10549831e-01  -9.03666094e-02   3.12852301e-02
      1.05247013e-01  -6.68862090e-02  -1.25877401e-02  -9.77860764e-02
     -1.81714341e-01  -1.04406543e-01   1.03922218e-01   9.28325057e-02
     -2.24149041e-02  -2.43942663e-02   1.26135191e-02   9.21739936e-02
      9.44070145e-02  -7.80090168e-02  -1.51995877e-02   8.71673133e-03
      1.37303263e-01   8.74102414e-02  -4.44964692e-02   6.85720332e-03
      1.01969004e-01   1.09368108e-01  -2.16091141e-01   8.77167508e-02
      1.10273436e-01   8.52416828e-03]
   [  7.59631023e-02   9.66559052e-02  -7.90525600e-02  -1.20197106e-02
      7.00270012e-02  -9.99726206e-02  -1.69706158e-02  -8.42463002e-02
      9.94708166e-02  -5.97685762e-02   7.31157362e-02   8.98236409e-02
      2.15529073e-02   6.47166325e-03   1.67348310e-02  -2.51816399e-02
      8.27633515e-02  -9.94143263e-02   7.67542107e-04  -4.97763269e-02
     -2.11825162e-01   6.47983998e-02   9.59661324e-03  -5.02174394e-03
      9.38976407e-02   9.69651788e-02   1.14770696e-01  -1.81874394e-01
     -1.36183709e-01   4.10967413e-03]
   [ -4.04159762e-02   7.28287026e-02   3.27718295e-02  -1.33750197e-02
      2.99230125e-02   8.65006745e-02  -4.79509356e-03   6.06879890e-02
      7.82006010e-02   7.56213814e-02   7.24843377e-03  -8.81820393e-04
     -2.16108095e-03   8.46967474e-03  -4.32787323e-03  -1.29070831e-02
     -3.93761247e-02   1.04018718e-01   7.39415037e-03   1.03015192e-01
     -3.13983142e-01   8.03293064e-02  -1.34773850e-02  -1.23926634e-02
     -2.45755073e-02  -9.77871940e-03   5.78719266e-02  -2.38580465e-01
     -2.51096219e-01   6.30046194e-03]
   [ -2.90045165e-03   1.73642728e-02   1.46188000e-02   4.65094624e-03
      1.15284687e-02   5.19514037e-03  -6.94372412e-03   6.06831023e-03
      1.17162215e-02   2.49910057e-02  -1.79964118e-02  -1.04791280e-02
      2.11796947e-02  -4.24475782e-03  -2.43736841e-02   4.47360147e-03
     -6.49163453e-03   3.94199556e-03  -1.20859519e-02   1.22570712e-02
     -2.89664511e-03   1.86065268e-02   4.77228221e-03   3.39306407e-02
      5.79020358e-04   8.84300750e-03   3.67111573e-03   1.18336333e-02
     -4.64794459e-03   5.53993229e-03]
   [  1.12346122e-02  -4.42912243e-03  -1.42712276e-02  -2.91139958e-03
     -1.09434240e-02   5.29624010e-03  -1.22322682e-02   4.75677568e-03
     -1.59244835e-02   1.84452478e-02  -7.17196288e-03  -2.81558540e-02
     -2.08036462e-03   2.19315253e-02   4.14736150e-03  -3.04873474e-03
      6.36131177e-03  -1.11777093e-02  -2.69178841e-02  -1.51979364e-02
      6.89921947e-03   1.82462242e-02   2.15662620e-03   4.55887476e-03
      2.85057491e-03   1.54008456e-02   1.60592550e-03   1.34858647e-02
     -3.90030234e-03   3.24490853e-03]
   [  6.03280822e-03   9.15789802e-04   1.55517028e-03  -6.76370505e-03
     -2.16721576e-02   1.43080316e-02  -1.20253889e-02  -1.28181744e-03
      3.40348412e-03  -1.71326715e-02  -1.36872344e-02  -1.63947679e-02
     -3.53075517e-03   4.17939983e-02   4.13248222e-03  -2.19785003e-03
     -2.81708781e-02   8.36247578e-03   3.00350413e-03  -2.12125853e-03
     -1.27471040e-03   2.93982886e-02   6.13072095e-03  -1.12899719e-02
      2.20257719e-03   7.03800796e-03  -2.83874600e-04   1.44813824e-02
     -2.77703237e-02   1.00365607e-02]
   [  2.61426091e-01   2.47911394e-01   1.42603442e-01   3.69644351e-02
      4.26618367e-01   1.62108406e-01   1.24320881e-02   1.76931098e-01
      4.60286401e-02   1.73903137e-01   4.09931570e-01   3.70260239e-01
     -9.65026952e-03   2.61764247e-02   9.46809538e-03   5.11368155e-01
      9.71040204e-02   2.61349678e-01   5.11756167e-03   3.28977644e-01
      2.24964708e-01   4.79238629e-01  -9.32685914e-04   2.15766180e-04
      9.43732262e-02   3.79853487e-01   2.73598582e-01   2.18296453e-01
      2.10537583e-01   2.68137082e-03]
   [ -6.39553601e-03   1.15346527e-02  -9.69444774e-03   9.05918330e-03
      1.83030348e-02   4.37760307e-03   4.09217831e-03  -7.78908900e-04
     -1.37989111e-02   7.97432289e-03   1.65500063e-02  -1.25383623e-02
     -1.62494089e-02   2.66818386e-02  -1.58087574e-02   1.54844895e-02
     -1.70642585e-02  -1.16412854e-03  -7.42552616e-03   1.99442706e-03
     -1.27292080e-02  -1.84472613e-02  -2.02224385e-02  -2.60741264e-03
      1.78698881e-03   1.43219228e-03  -4.84353444e-03  -1.04313139e-02
      1.90968812e-02  -6.60085538e-03]
   [ -9.88763385e-03   9.29647591e-03  -2.55138315e-02   2.65608844e-03
      2.91634724e-03  -1.03854015e-02  -1.21928388e-02   1.35737015e-02
      3.01037617e-02   1.29773384e-02   1.78439580e-02  -7.76157621e-03
      6.20661955e-03  -1.15983048e-02   4.74347500e-03   1.27579039e-02
      2.61797360e-03   3.74297588e-03   1.65970176e-02   1.17699122e-02
      1.06369630e-02   1.79873426e-02  -2.30774265e-02   1.05590532e-02
     -2.77906638e-02   1.47515330e-02  -1.71381325e-04  -1.37243047e-02
      4.56820196e-03   6.40537939e-04]
   [ -3.15327197e-04  -1.07279969e-02   9.87622701e-03  -6.82252634e-04
      2.20075268e-02  -1.53277274e-02  -1.01630725e-02  -5.63833339e-04
     -2.39366740e-02   2.00328100e-02   2.23452318e-02   8.15173518e-03
      1.29660238e-02   2.85773072e-02   3.27453427e-02   2.60704160e-02
     -1.48737961e-02   1.97059257e-04   9.95443109e-03   1.67233404e-02
     -2.90801399e-03   1.74347144e-02  -1.69938579e-02   1.65086836e-02
     -6.57606544e-03  -8.18140432e-03  -1.16570173e-02   1.26463221e-02
     -2.13188343e-02   5.57843479e-04]
   [ -8.66737403e-03   1.85536370e-02   1.36573967e-02   2.27442067e-02
     -6.79411041e-03   2.47827098e-02   1.42850783e-02   7.94095360e-03
     -2.78421510e-02   6.25992287e-03   8.27657804e-03   8.98384023e-03
      7.19127851e-03   5.26675489e-04  -1.09191984e-04  -2.07428960e-03
      1.18721544e-03   4.11891425e-03   1.30304489e-02   4.44493815e-03
      6.23782072e-03  -6.27921335e-03   1.15095265e-02  -3.44296964e-03
      6.83043664e-03   1.40295289e-02  -1.73871312e-02   2.11012233e-02
     -1.47410203e-02   1.55491475e-02]
   [  7.49099925e-02   1.13627017e-01  -1.87744815e-02   4.94324230e-03
      6.79472759e-02  -1.71856917e-02   3.70065160e-02  -6.80076936e-03
      1.10770479e-01  -4.88441736e-02   4.79314551e-02   3.99481654e-02
      5.15920750e-04  -2.81168468e-04  -2.09476277e-02  -6.30854862e-03
      2.84934528e-02   3.19245271e-03  -4.49744798e-03   6.26300797e-02
     -1.60989761e-01   7.51415789e-02  -2.29887944e-03  -1.73729975e-02
      7.08088875e-02   7.77879134e-02   1.32452011e-01  -1.21963590e-01
     -1.63634554e-01   2.21505319e-03]
   [  5.47011271e-02   1.08870596e-01  -2.80269887e-02  -7.78939715e-03
      6.33547008e-02  -3.86873148e-02  -5.51970070e-03  -2.43457574e-02
      9.73316282e-02  -6.45105466e-02   4.29924205e-02   7.42157698e-02
     -2.69085709e-02   5.65471360e-03  -2.57345103e-02  -2.39605345e-02
      4.22905907e-02  -4.28288095e-02  -1.80478115e-02  -1.06049143e-02
     -1.35395184e-01   9.28771421e-02   1.24255260e-02  -1.41252633e-02
      4.75944318e-02   6.81308880e-02   9.23735499e-02  -1.25572935e-01
     -1.20555632e-01   1.92829140e-03]
   [  3.95359062e-02   1.43036917e-01   5.15653640e-02  -6.54361164e-03
      9.36376825e-02   2.26714462e-02  -1.10680237e-02   2.21966803e-02
      1.12238877e-01   5.40923029e-02   1.10348828e-01   7.28706419e-02
     -3.16772843e-03  -1.41774043e-02  -2.97981240e-02  -3.67801487e-02
      5.13184490e-03   1.05651587e-01  -4.86815535e-03   6.42749816e-02
     -1.25617266e-01   7.97680169e-02   6.90267002e-03   8.94478150e-03
      2.14811508e-02   6.91668242e-02   1.31166905e-01  -9.64477658e-02
     -9.44247693e-02   8.35067686e-03]
   [  6.73414916e-02   1.01334587e-01   4.04690132e-02  -1.36985732e-02
      5.03929518e-02  -1.04063740e-02   1.31203542e-02   1.46218333e-02
      9.50682312e-02   2.03315038e-02   6.88593760e-02   7.17466176e-02
      9.90069285e-03  -9.63032711e-03  -9.37064365e-03  -3.52359526e-02
     -8.75069201e-03   5.19636720e-02   2.23400351e-03   5.56241535e-02
     -1.39968231e-01   9.70069766e-02  -3.60736041e-03  -1.02031529e-02
      1.59883648e-02   4.70157117e-02   1.21845521e-01  -1.26131088e-01
     -1.39987290e-01  -7.30570219e-03]
   [ -5.03788143e-03  -3.70034808e-03   1.30085703e-02  -5.46523230e-03
      5.84221026e-03   2.41761543e-02  -2.45571453e-02   9.63219628e-03
      8.88724905e-03   4.17536451e-03  -9.85024124e-03  -1.50480047e-02
     -9.47690662e-03  -4.90484061e-03  -1.14386389e-02   1.30747166e-02
      4.19169441e-02   3.65917315e-03  -1.49472523e-02   4.66437871e-03
      2.24972460e-02  -3.15752509e-03   5.72233135e-03   1.65945087e-02
      4.44604829e-03   8.06830917e-03  -3.86924413e-03   9.08341166e-03
     -2.69696116e-02   2.05220897e-02]
   [  9.22420174e-02   1.22054368e-01  -7.98156038e-02   1.56135373e-02
      9.26568955e-02  -6.95250854e-02  -4.56756959e-03  -8.59028473e-02
      9.48382691e-02  -9.82176661e-02   8.13210532e-02   8.58841687e-02
      1.50675168e-02  -1.96800176e-02  -2.83776559e-02  -3.31552210e-03
      7.82156959e-02  -6.91227019e-02  -5.57100819e-03  -4.50127199e-02
     -1.37634858e-01   9.16824937e-02   2.94179510e-04   9.15780477e-03
      8.45342278e-02   8.52338746e-02   1.27145842e-01  -1.46907449e-01
     -1.28654748e-01  -1.68371424e-02]
   [  8.60752761e-02   1.17463030e-01  -1.16420746e-01   5.37769031e-03
      1.19073458e-01  -7.49806315e-02  -3.45344492e-03  -1.10404387e-01
      1.15792483e-01  -8.90208408e-02   1.09507672e-01   9.86841917e-02
      1.98565833e-02  -1.60890669e-02  -1.09590441e-02  -7.19319358e-02
      9.77659225e-02  -8.72839689e-02   4.45512123e-03  -6.00947179e-02
     -8.14308450e-02   4.61830124e-02  -3.42273712e-02   3.43994517e-03
      1.09020837e-01   1.22131087e-01   9.58132371e-02  -6.85964525e-02
     -5.98167852e-02  -1.77198295e-02]
   [  8.84452313e-02   9.57105458e-02  -7.59514719e-02  -1.90976299e-02
      8.43123943e-02  -6.84919134e-02  -7.89201632e-03  -1.29696906e-01
      1.20266885e-01  -1.33821487e-01   7.42249861e-02   1.00868553e-01
     -6.60328986e-03  -1.77827254e-02   3.28702223e-03  -1.75747182e-02
      8.61388966e-02  -9.43438187e-02   2.07534358e-02  -4.42216508e-02
     -6.04383945e-01   8.51220936e-02   6.23385608e-03  -3.46773444e-03
      9.28093269e-02   1.01262763e-01   1.07203811e-01  -6.04922891e-01
     -6.23096228e-01  -9.14679782e-04]
   [  1.20489690e-02  -9.18674283e-03  -1.14303327e-03  -9.28406976e-03
     -1.80468243e-02   2.39309203e-03  -1.16964858e-02   1.67135671e-02
     -5.24277706e-03   1.59610659e-02  -5.72273601e-03  -5.08613465e-03
     -4.00280673e-03  -5.05926181e-03  -6.69336738e-03   7.44491071e-03
     -3.68313375e-03   4.78128437e-03  -1.56046320e-02  -5.09178359e-03
     -2.46289093e-03  -1.38294781e-02   1.02321608e-02  -6.70731207e-03
     -8.64300877e-03  -4.76395292e-03  -4.99602221e-03  -2.72084191e-03
      1.08490568e-02  -1.40109344e-03]
   [  1.10681638e-01  -3.96503285e-02  -1.05705060e-01  -3.65003161e-02
      8.79885331e-02  -1.04633987e-01   1.51248900e-02  -1.18576907e-01
     -3.43282446e-02  -1.15766570e-01   9.26650763e-02   1.11483738e-01
      8.20074044e-03  -2.12260485e-02  -5.45723177e-03   2.14952408e-04
      1.18332043e-01  -1.05203934e-01  -3.26299071e-02  -3.04426458e-02
      1.06523067e-01   1.18756764e-01  -4.62995702e-03   1.36427265e-02
      1.09843150e-01   9.36461687e-02  -1.14109755e-01   1.03366204e-01
      1.15980856e-01   8.01237673e-03]
   [  3.66437435e-02   8.60165581e-02   2.30796132e-02  -2.05174591e-02
      4.98573259e-02   2.23203748e-02  -1.26749398e-02   5.63565828e-02
      1.03351273e-01   4.49548624e-02   7.80990422e-02   7.23234490e-02
     -2.11278144e-02  -8.53479654e-03   2.76882155e-03  -4.93088476e-02
      2.63411775e-02   9.40576121e-02  -3.16301174e-02   1.82821807e-02
     -1.09797865e-01   8.58406052e-02   2.29943749e-02   1.23904422e-02
      2.08448842e-02   5.75124137e-02   1.21596463e-01  -8.35836232e-02
     -1.01995863e-01  -2.09196423e-05]
   [  9.09058843e-03   7.09013641e-03  -9.49951238e-04  -3.15810926e-03
      3.38954711e-03   2.43621296e-03   1.29831741e-02   1.30857630e-02
      1.84092519e-03  -1.07489503e-03   8.28181207e-03   8.69395025e-03
     -7.82972109e-03  -9.16242693e-03   1.51942829e-02  -4.43787500e-03
      6.66371873e-03  -2.33062655e-02   2.04209499e-02   7.18944846e-03
     -1.21660559e-02  -2.46096700e-02   1.84905902e-02   8.36997200e-03
     -1.04654925e-02  -1.38862217e-02   1.17220879e-02  -1.50399413e-02
     -9.01334267e-03   1.15943709e-02]
   [  1.01541832e-01  -3.29445414e-02  -1.13450177e-01   5.69166709e-03
      1.07289352e-01  -9.32758376e-02  -1.60053186e-02  -8.17831606e-02
     -5.68668433e-02  -8.81799310e-02   1.01719588e-01   1.07863173e-01
      2.34376942e-03   1.96029656e-02  -4.16944996e-02   5.49529633e-03
      1.24231644e-01  -7.79894143e-02   1.15250365e-03  -5.74460365e-02
      8.94698128e-02   1.17993623e-01  -8.29494093e-03  -2.98515633e-02
      1.22949332e-01   1.09591976e-01  -1.12467468e-01   1.21107236e-01
      9.35170650e-02   3.63962203e-02]
   [  7.09302202e-02   8.76644626e-02   1.69385690e-03   4.01773956e-03
      6.77416846e-02   6.56486535e-03  -2.25435547e-03   1.45987086e-02
      6.70434460e-02   4.00754474e-02   5.97516783e-02   4.43183817e-02
     -1.12677757e-02   9.65222996e-03   3.79263842e-03  -2.77348589e-02
      3.31365205e-02   7.05625266e-02   1.09679922e-02   1.25200702e-02
     -7.42387101e-02   1.04025178e-01  -1.92359407e-02   2.86394265e-02
      2.71839406e-02   3.82902324e-02   7.35147297e-02  -5.26840724e-02
     -7.62850046e-02   2.06743297e-03]
   [  8.26705098e-02   1.09499857e-01  -5.98006994e-02  -9.46686603e-03
      8.34953040e-02  -7.53579289e-02  -2.78667063e-02  -5.60806580e-02
      9.08065066e-02  -7.35409260e-02   1.09199755e-01   9.03334767e-02
     -2.98223086e-02  -4.11460921e-03   5.08215558e-03  -4.06424701e-02
      6.81508929e-02  -4.86423224e-02   8.80759023e-03   4.71007498e-03
     -1.38167024e-01   1.02860235e-01  -1.30321495e-02  -8.75809602e-03
      6.55657426e-02   5.13638034e-02   1.20123729e-01  -1.30670413e-01
     -1.55461892e-01  -1.07601620e-02]
   [  1.04020648e-02  -7.48470277e-02   8.68288204e-02  -1.30492505e-02
      9.92766842e-02   1.16634937e-02   1.28003331e-02   4.71797325e-02
     -9.09618065e-02   3.30431759e-02   5.83818443e-02   5.00938930e-02
     -4.35145907e-02  -2.10522618e-02  -1.96059477e-02   4.02318686e-03
      2.32259855e-02   5.81473336e-02  -3.92126758e-03   2.02878732e-02
      9.92389023e-02   7.28643909e-02  -1.62771121e-02   6.65220199e-03
      2.46787779e-02   3.84000130e-02  -9.83263403e-02   1.04259714e-01
      1.32005394e-01   3.27609596e-03]
   [  1.25873938e-01  -9.48631391e-02  -1.32589892e-01   2.52403840e-02
      9.97791514e-02  -9.66006890e-02   1.17613031e-02  -1.31340042e-01
     -7.81964809e-02  -1.21373400e-01   1.01008020e-01   1.05674550e-01
      2.29986124e-02   1.37251231e-03   5.13013499e-03  -3.03473845e-02
      1.17044471e-01  -1.08426325e-01  -1.25171579e-02  -7.40683600e-02
      1.13220856e-01   8.02329853e-02  -4.18897159e-02   6.45419816e-03
      1.18769206e-01   1.13314204e-01  -1.65942311e-01   1.08682215e-01
      1.08907118e-01   3.54333268e-03]
   [  5.88474199e-02  -8.47762048e-01  -2.23967284e-02  -2.36467131e-05
      7.99278244e-02  -3.22290361e-02  -1.41257863e-03  -2.80177183e-02
     -1.55408591e-01  -1.49337156e-03   7.99758360e-02   4.09922302e-02
     -5.47670247e-03  -7.45981513e-03  -7.13408226e-03   2.87445158e-01
      5.54422326e-02  -2.40499470e-02   2.97716409e-02   9.02409181e-02
      4.14614826e-02   7.00666383e-02  -1.36174774e-02   3.33589874e-03
      4.84279692e-02   7.56233409e-02  -8.73582542e-01   3.35515290e-02
      3.42771672e-02   1.11155426e-02]
   [  4.01921235e-02   1.19852178e-01   2.27210987e-02   1.06314924e-02
      6.63997382e-02   4.20813151e-02  -8.47133901e-03   2.48086043e-02
      1.07827023e-01   2.90512089e-02   7.66727701e-02   6.22239821e-02
     -1.18760550e-02   8.41320376e-04   5.56181883e-03  -3.27042118e-02
      7.10879415e-02   7.35151470e-02  -5.25556551e-03   2.62738112e-02
     -1.09156176e-01   7.97066912e-02  -4.50422103e-03  -1.65406074e-02
      2.20039748e-02   7.96669945e-02   1.05265819e-01  -7.43339062e-02
     -7.39597976e-02   1.59043865e-03]
   [ -9.33254138e-03   4.05246159e-03   4.55476623e-03  -1.22200074e-02
      9.26431548e-03   1.86604615e-02  -8.16466287e-03   6.73368387e-03
      9.39799193e-03   2.54656188e-04   7.64839072e-03   2.30909809e-02
      7.05277361e-03   3.70352180e-03  -1.91107914e-02  -2.46470738e-02
      1.45688821e-02   1.35537295e-03  -1.05207879e-02  -1.13259060e-02
      1.40682794e-02   9.40679479e-03  -1.18373800e-02  -8.70381575e-03
      2.67374166e-03   2.12658159e-02   4.51611634e-03  -5.97442780e-03
     -2.11668480e-02  -2.02350691e-02]
   [  9.51224044e-02   1.29727989e-01  -7.98679143e-02  -4.43660235e-03
      9.86357033e-02  -8.28655884e-02   8.48642609e-04  -1.10128477e-01
      1.00781359e-01  -1.17114104e-01   7.97270611e-02   8.59717503e-02
     -1.18564563e-02  -4.53958381e-03  -2.21739579e-02   9.06022266e-02
      8.70088041e-02  -8.03850368e-02  -3.30802239e-02   2.13257112e-02
     -9.51694623e-02   8.68727192e-02   6.49022078e-03   4.11652785e-04
      1.18007660e-01   1.11236915e-01   1.29382432e-01  -6.19969517e-02
     -6.52508885e-02  -6.96839020e-03]
   [  4.91755158e-02   2.93422807e-02   3.17281596e-02   1.91278346e-02
      7.13025630e-02   5.37864398e-03   4.10511112e-03   4.02859002e-02
      4.07961346e-02   1.71754081e-02   5.07286377e-02   4.80086245e-02
     -1.45118043e-03  -1.68429082e-03   8.26572813e-03  -1.21929599e-02
      3.31567489e-02   7.24398792e-02  -7.62907974e-03   3.26433554e-02
      2.62655993e-03   7.85107091e-02   9.79499891e-03  -7.10916519e-03
      3.33461799e-02   5.37959561e-02   2.08330732e-02   3.54376994e-03
     -1.03743998e-02   1.37414820e-02]
   [  3.27724442e-02  -1.28936172e-01   5.78998066e-02  -1.67007523e-03
      6.89216107e-02   2.86696609e-02  -6.35059178e-03   7.95634463e-02
     -1.11176394e-01   7.16810152e-02   5.48061766e-02   7.11532459e-02
     -2.32526241e-03   2.75911000e-02  -8.87055974e-03   2.47263014e-02
     -2.46022064e-02   8.11349899e-02  -1.66318696e-02   1.01184789e-02
      1.22322790e-01   6.78470880e-02   1.99989472e-02  -1.25378298e-04
     -3.95394908e-03   5.61242402e-02  -1.09137274e-01   1.14889666e-01
      1.21060885e-01  -1.77016370e-02]
   [  8.23028535e-02   1.15475088e-01  -1.11383095e-01   4.95670876e-03
      9.86067057e-02  -6.85839355e-02  -1.76362973e-02  -9.42727923e-02
      1.25977024e-01  -7.94459581e-02   9.98638570e-02   9.88334641e-02
     -3.32605699e-03  -1.35261123e-03  -2.43423376e-02  -3.57372090e-02
      9.18046683e-02  -7.92300552e-02  -9.98316891e-03  -4.44735512e-02
     -1.48465335e-01   7.01340958e-02   1.89630855e-02  -1.91897503e-04
      8.32538903e-02   9.66539904e-02   1.22507490e-01  -1.70147821e-01
     -1.84713334e-01  -5.21050626e-03]
   [  5.10052033e-02   8.58844221e-02   3.58093269e-02   6.52234443e-03
      8.40075389e-02   1.99407190e-02  -1.65110305e-02   1.56191047e-02
      1.02967709e-01   3.14872339e-02   7.35913292e-02   6.73341379e-02
      1.19543979e-02   2.58878362e-03   6.25672110e-04  -5.18056601e-02
      1.77494157e-02   5.55302277e-02  -4.51620296e-03   1.58272758e-02
     -8.59155208e-02   5.83622716e-02   2.23117089e-03   2.50828802e-03
      1.68494321e-02   7.70895407e-02   1.13776274e-01  -1.05176628e-01
     -1.05452105e-01  -9.60373436e-04]
   [  4.11497802e-02  -8.91384631e-02   5.78307956e-02   5.72789833e-03
      8.26475769e-02   4.45645042e-02   1.87982582e-02   5.61468340e-02
     -1.12404965e-01   6.14885166e-02   3.50037441e-02   4.69507575e-02
      4.78514325e-04  -5.59355598e-03  -2.51905490e-02   2.44586598e-02
      2.31419466e-02   6.98861480e-02   3.10219429e-03   1.79745331e-02
      1.25196174e-01   7.53154457e-02  -6.52420241e-03  -2.48864572e-02
      1.75006911e-02   2.70892475e-02  -1.04674071e-01   9.74343643e-02
      1.11413710e-01  -7.84827862e-03]
   [  6.72493875e-02   1.19617969e-01   2.83940826e-02  -1.68483034e-02
      9.03797969e-02   2.58659758e-02   1.31354509e-02   2.00231373e-02
      1.19622961e-01   3.74618284e-02   7.80797005e-02   8.25404599e-02
     -2.86628436e-02   1.17669264e-02  -1.82957668e-02  -4.65476550e-02
      3.70317791e-03   1.03158973e-01   1.44018074e-02   4.98956069e-02
     -1.09793060e-01   1.14862427e-01  -2.33540349e-02   1.01297395e-02
      4.11707424e-02   6.91417083e-02   1.11510597e-01  -1.21480227e-01
     -1.05758101e-01  -1.07015744e-02]
   [  1.04961634e-01   1.21957034e-01  -7.84897879e-02  -6.02541445e-03
      1.06653102e-01  -8.12169239e-02   7.33856694e-04  -8.94108638e-02
      6.96295351e-02  -9.65624303e-02   7.38542899e-02   1.04047686e-01
     -9.10182670e-03   3.36482078e-02  -2.40032021e-02   1.20789036e-01
      1.06948271e-01  -8.72549638e-02   2.05210559e-02  -1.39392242e-02
     -4.24729913e-01   1.18152194e-01  -5.87301888e-03  -2.51437146e-02
      1.30882159e-01   8.24671462e-02   1.31378397e-01  -2.96328098e-01
     -3.17989677e-01   4.85567981e-03]
   [  3.10648829e-02  -1.16768532e-01   3.84921394e-02   9.85340774e-03
      5.78494668e-02   1.03655234e-02  -3.77194461e-04   2.86710653e-02
     -1.04665473e-01   5.45760281e-02   6.35741800e-02   7.22752362e-02
     -1.68194640e-02  -1.14131318e-02  -2.28129397e-03  -8.40164721e-03
      7.58614484e-03   5.61288744e-02  -1.79422277e-04   2.99459752e-02
      1.24531507e-01   8.62902328e-02  -1.76439136e-02  -1.99602768e-02
      1.69758350e-02   2.91431732e-02  -1.20464914e-01   1.01968125e-01
      1.28222063e-01   9.38053243e-03]
   [  7.02613592e-02  -9.82659757e-02   3.51856723e-02  -6.83313794e-03
      1.18937634e-01   1.25601254e-02   1.07665239e-02   2.16130428e-02
     -1.15728527e-01   6.53860569e-02   7.22961202e-02   6.36489689e-02
     -5.94686251e-03  -1.09256357e-02  -1.45353535e-02   1.29635120e-02
      2.06126254e-02   8.10890272e-02  -3.45906392e-02   5.79089439e-03
      1.12282604e-01   1.01850294e-01   5.28950663e-03   3.45354457e-03
      2.14728862e-02   9.75866765e-02  -1.34842873e-01   1.21176898e-01
      1.06016420e-01   9.00653936e-03]
   [  4.98757325e-03  -9.32653027e-04   1.62298065e-02  -4.91460413e-03
      2.54343101e-03   1.33896405e-02   1.25789584e-03  -4.71343892e-03
     -8.52660683e-04   6.97059976e-03   3.38451564e-03  -1.80327683e-03
     -4.83155670e-03   9.06472001e-03  -1.08999694e-02  -2.14843955e-02
      8.61721113e-03  -2.84009427e-02   2.42046230e-02   2.68971846e-02
      2.57028304e-02  -2.21001301e-02   4.11627861e-03   2.06370503e-02
     -2.11229436e-02   1.26902002e-03   1.16387615e-02  -5.81344962e-03
      2.15614922e-02   1.50888169e-03]
   [  3.81863527e-02   4.13962007e-02  -2.85942480e-02   1.06765684e-02
      7.64857829e-02  -2.59494893e-02   2.71034595e-02  -4.25625108e-02
      2.51420513e-02  -1.76931545e-02   6.40608072e-02   8.04535598e-02
     -5.19252708e-03   2.09954362e-02  -3.18445042e-02   8.54196120e-03
      3.88238654e-02  -4.54404317e-02   5.92049817e-03   9.88945216e-02
     -2.27164701e-01   6.92309290e-02  -6.72504166e-03  -1.82895977e-02
      7.00631514e-02   5.83642423e-02   4.91363667e-02  -2.95338154e-01
     -2.76007682e-01  -1.36885205e-02]
   [ -1.35402173e-01   4.09651011e-01   1.31073400e-01  -2.31251284e-03
     -5.63869514e-02   1.56191245e-01  -1.02902036e-02   1.39156356e-01
      3.20042551e-01   1.53369814e-01  -9.15633664e-02  -1.12991653e-01
     -3.67975123e-02  -8.37881491e-03  -4.80867317e-03   2.79725224e-01
     -1.03930935e-01   1.43203586e-01   1.46266902e-02   1.79975092e-01
     -1.00466564e-01  -3.21213878e-03   6.47543464e-03   6.89862436e-03
     -1.53224379e-01  -9.43752602e-02   3.90877813e-01  -1.40053689e-01
     -1.04520448e-01  -5.43193473e-03]
   [  4.66531254e-02  -9.70921218e-02   5.32779023e-02  -1.85453966e-02
      5.09311743e-02   2.67957635e-02   3.18358419e-03   4.24789339e-02
     -1.23042911e-01   1.08949848e-01   3.25844400e-02   1.08682970e-02
     -9.15394456e-04   1.83792179e-03  -2.97086332e-02   9.78786498e-03
     -2.07438059e-02   6.76850677e-02   2.35533714e-03   1.40056536e-02
      1.23464815e-01   9.13997814e-02  -2.00774185e-02  -1.73573457e-02
     -4.41432511e-03   3.31889875e-02  -1.08355664e-01   1.30618751e-01
      1.18756540e-01   1.20198783e-02]
   [  1.12290233e-01  -1.27655104e-01  -1.20715477e-01  -1.23466607e-02
      7.21321031e-02  -8.45335796e-02  -5.37212333e-03  -1.07938729e-01
     -8.50722566e-02  -9.74383131e-02   1.02331944e-01   8.12506750e-02
     -1.57801192e-02  -1.10479584e-02  -2.63511594e-02  -2.08946485e-02
      1.28199920e-01  -1.01087593e-01   1.22214518e-02  -7.14991763e-02
      1.06820956e-01   1.03530817e-01  -1.76728573e-02  -2.83480226e-03
      1.14276297e-01   9.89666358e-02  -1.58647358e-01   1.18739486e-01
      1.12705380e-01   9.76481754e-03]
   [  6.79322891e-03  -2.60173418e-02   1.78797320e-02   1.05252843e-02
     -5.26524801e-03  -5.07926987e-03   1.07042855e-02   5.51566575e-03
     -1.19403917e-02   1.59929767e-02  -3.07219033e-03   5.45577053e-03
      2.18044012e-03   7.23699667e-03   3.71847698e-03  -1.08707894e-03
     -1.61955394e-02  -3.43205146e-02  -1.45510100e-02  -1.13316560e-02
     -3.49284825e-03   7.19475234e-03  -1.56804863e-02   1.03423502e-02
     -1.84512243e-03   1.39126536e-02   2.40919869e-02  -7.76609266e-03
     -8.25869106e-03  -7.49062980e-03]
   [ -1.27536487e-02  -4.44484036e-03   6.02176460e-03  -2.50976719e-03
     -3.57502326e-03   1.60088353e-02  -3.26851150e-03  -3.95662477e-03
      1.22829638e-02  -2.73936382e-03  -8.58114008e-03  -1.05020897e-02
     -4.99061774e-04  -1.02889752e-02   3.10406107e-02   1.60781364e-03
     -4.30160062e-03  -7.76440743e-03   1.85103901e-02   7.53390882e-03
      7.42047513e-03   2.77177803e-02   2.47467658e-03   9.63572133e-03
     -1.58859808e-02   1.35768810e-02   4.54698224e-03   2.32569948e-02
     -3.60225281e-03   1.73776858e-02]
   [  1.32108992e-02  -4.61839765e-01  -7.34462589e-03  -1.38791399e-02
      8.27341527e-02  -1.61724146e-02  -5.61478920e-03  -5.21583371e-02
     -2.20788732e-01  -4.72175330e-02   4.45748381e-02   6.29314110e-02
     -1.46245426e-02   7.22986879e-03   1.01031708e-02   3.18010241e-01
      3.42347100e-02  -3.04653347e-02   1.37634985e-02   7.69187734e-02
      5.22553064e-02   7.16877356e-02  -8.01981223e-05   6.28902926e-04
      5.05615585e-02   5.65610118e-02  -4.50883746e-01   5.77111803e-02
      7.03422502e-02  -1.62066985e-02]
   [  1.06093906e-01  -5.11095047e-01  -1.10836811e-01   2.63441587e-03
      8.93205255e-02  -8.87922496e-02  -3.62904579e-03  -8.50142911e-02
     -2.38389567e-01  -1.00770630e-01   1.28624231e-01   9.04296935e-02
      2.17315238e-02  -2.38315389e-02  -2.07625180e-02  -2.70637758e-02
      1.19771317e-01  -1.23717189e-01  -3.66856204e-03  -4.65236269e-02
      1.03171140e-01   8.66747871e-02  -9.68322810e-03  -1.43955881e-02
      1.09824225e-01   1.11316025e-01  -5.86546540e-01   1.26515761e-01
      1.18145064e-01  -4.77199256e-03]
   [  8.39329138e-02  -4.07473058e-01  -7.51913115e-02   2.99733989e-02
      7.40690678e-02  -1.88972801e-02  -9.58134327e-03  -5.46745993e-02
     -3.87342334e-01  -6.76411241e-02   1.01860866e-01   7.66523331e-02
     -1.85456872e-02  -1.39732985e-02  -2.02505328e-02   1.90552309e-01
      6.30387217e-02  -3.52166742e-02   1.54029322e-03   1.05008483e-01
      8.17156360e-02   1.00064032e-01  -2.92436443e-02  -8.34042858e-03
      7.40502328e-02   7.18282908e-02  -3.82781506e-01   9.96289402e-02
      8.79374072e-02   2.14666259e-02]
   [  6.20904416e-02   1.18793793e-01  -9.61343572e-02  -7.51665654e-03
      1.07904509e-01  -8.86586010e-02  -1.90579635e-03  -1.12651035e-01
      1.14333518e-01  -1.09192751e-01   1.16079636e-01   9.71837640e-02
     -4.86342749e-03  -2.73883692e-04  -3.73321865e-03   3.28906886e-02
      1.01501413e-01  -1.09305158e-01   1.08141014e-02  -4.48720269e-02
     -1.68712556e-01   8.75449032e-02  -1.64112318e-02  -1.46547891e-03
      1.03519991e-01   8.79923478e-02   1.36323541e-01  -1.28471524e-01
     -1.31969526e-01   2.81865522e-03]
   [  1.93091631e-02  -8.64201486e-02   9.34129879e-02  -3.28367320e-03
      8.24094713e-02   4.88029718e-02   1.81003641e-02   8.37442502e-02
     -1.02691375e-01   6.23961687e-02   5.61689250e-02   3.82755212e-02
      1.85133405e-02  -2.16893796e-02  -2.02215202e-02   2.19454579e-02
     -2.20413487e-02   1.01035982e-01   1.45142467e-03   5.38047329e-02
      1.37409464e-01   6.00409508e-02  -1.67731456e-02  -1.39378877e-02
      1.97252841e-03   4.88751307e-02  -8.63793269e-02   9.73687395e-02
      1.11993663e-01  -1.34702781e-02]
   [  3.02079841e-02  -1.03600599e-01   8.09793621e-02  -1.62494846e-03
      8.24211314e-02   1.92513391e-02   8.86556227e-03   5.46343178e-02
     -1.12283953e-01   6.24100193e-02   5.31853363e-02   3.08400858e-02
     -4.09732461e-02  -3.25316418e-04  -2.88737775e-03   3.06234881e-02
     -7.81839341e-03   1.26350373e-01  -2.05061939e-02   2.66450047e-02
      1.36781737e-01   9.00661647e-02  -2.25064419e-02   6.46400126e-03
     -1.31937573e-04   4.52854559e-02  -9.54947770e-02   9.91495550e-02
      1.39006793e-01  -5.01954416e-03]
   [  9.93844494e-03  -5.23527013e-03  -3.97679349e-03   1.74559727e-02
      2.50526727e-03   2.47316603e-02  -1.29158655e-02   7.73416425e-04
     -9.03382152e-03   5.84248966e-03  -1.09788440e-02   1.37544489e-02
      3.04420129e-03  -6.48242887e-03  -1.16136018e-02   2.63405032e-02
     -1.14509175e-02   1.61190033e-02  -1.40952030e-02   1.99955311e-02
      6.86387019e-03  -3.43922200e-03  -1.36986906e-02   7.98947178e-03
      1.78383663e-02  -1.83242448e-02   1.38588459e-03   8.42064060e-03
     -1.78975780e-02   8.59968551e-03]
   [  8.74750540e-02   1.05206378e-01  -9.31147859e-02   2.27509672e-03
      1.36527091e-01  -6.18344024e-02   9.23553249e-04  -8.86999965e-02
      9.11562592e-02  -7.41538182e-02   1.11059964e-01   1.18876822e-01
      7.15311104e-03   8.29142518e-03  -2.49609654e-03   2.41397500e-01
      8.77769068e-02  -6.35315999e-02   9.36366525e-03   6.41991794e-02
     -1.27984315e-01   8.92020762e-02  -2.01360025e-02  -1.90532636e-02
      9.80632156e-02   9.99853835e-02   1.14074208e-01  -1.09282739e-01
     -1.01559289e-01  -3.03622726e-02]
   [  1.42767653e-02  -1.04448572e-01   1.47637516e-01  -1.88014694e-02
      6.86362237e-02   7.35738277e-02   1.09107867e-02   6.46646693e-02
     -9.21598151e-02   1.18190020e-01   4.45280299e-02   4.99933548e-02
      2.68435460e-02   1.45438276e-02   1.86775886e-02   7.78310075e-02
     -1.35943042e-02   1.14525370e-01  -2.80533102e-03   2.52885390e-02
      1.20513663e-01   9.02084336e-02  -3.78011651e-02  -4.12291810e-02
     -2.10774820e-02   5.48441559e-02  -9.71135125e-02   1.32257476e-01
      1.23581290e-01   2.46659806e-03]
   [  2.00584251e-02  -3.90420994e-03  -6.73633069e-03   4.51510586e-03
      7.16493558e-03   3.74645134e-03   1.05607845e-02  -1.85264107e-02
     -1.57592017e-02   3.81839112e-03   1.75490081e-02   1.74141638e-02
     -3.21454827e-05  -9.35622724e-04  -3.70054804e-02   8.08173325e-04
     -9.56051052e-03  -6.10462856e-03   7.80129281e-04   7.90760270e-04
     -1.10489419e-02   2.18760520e-02  -1.16705953e-03  -1.11848349e-02
      5.88570954e-03  -1.85632594e-02  -3.42376088e-03  -2.91150268e-02
     -7.18124676e-03   1.95745868e-03]
   [  5.19799627e-02   9.66423377e-02   5.73337674e-02  -9.52162407e-03
      8.60630199e-02   2.74626277e-02   1.58020109e-02   5.40552139e-02
      1.08980171e-01   6.90247267e-02   7.11289719e-02   6.53573796e-02
     -6.29283674e-03  -3.51234834e-04  -7.62528274e-03  -2.71142926e-02
      2.43268255e-02   9.02530625e-02   2.98077278e-02   5.47718890e-02
     -1.07047878e-01   8.20784196e-02  -8.45548976e-03  -1.53780309e-03
     -1.28124505e-02   6.17163330e-02   1.20886162e-01  -8.10782835e-02
     -9.29964781e-02   6.64244220e-03]
   [  2.24628858e-02  -5.29586561e-02   7.96376690e-02  -1.61046237e-02
      9.55344588e-02   7.41925240e-02  -1.20307896e-02   7.50693828e-02
     -1.01182967e-01   9.62665007e-02   3.84815894e-02   4.13918644e-02
     -1.73891988e-02  -1.91223882e-02  -1.98131427e-03   1.48636457e-02
      2.22790800e-02   1.24268763e-01   1.49028506e-02   5.29570170e-02
      1.15813665e-01   9.36384574e-02  -5.84854465e-03  -1.95943867e-03
     -1.17874825e-02   3.47164385e-02  -1.07367367e-01   9.64127779e-02
      8.66847038e-02  -2.64050555e-03]
   [ -4.64007445e-03   1.76510215e-01   1.52248312e-02  -8.69191252e-03
      1.09232314e-01   5.78849614e-02  -7.00916210e-03   8.73164088e-02
      7.63619840e-02   7.61751384e-02   3.97126414e-02   1.93613581e-02
     -1.58095881e-02   4.46763914e-03  -3.28018796e-03   9.39012989e-02
      5.54090552e-03   9.51537341e-02  -5.05335117e-03   7.47309104e-02
      7.19068497e-02   1.23285145e-01   7.72680063e-03  -4.85331984e-03
     -2.35204156e-02   3.70539576e-02   1.57570079e-01   6.10966273e-02
      7.05882236e-02   1.94492843e-02]
   [  3.88634927e-03   5.12594776e-03  -2.08294019e-02  -8.62593949e-03
      1.68652437e-03   6.46750501e-04  -1.83685380e-03   1.14190243e-02
      1.21970829e-02  -8.23921245e-03  -4.71380027e-03   3.32752778e-03
      9.63265821e-03  -2.18051672e-02   4.06914623e-03   2.29774173e-02
      1.06688896e-02   1.80093274e-02   5.30698989e-03   3.92726186e-04
     -1.60069656e-04  -9.56798671e-04   1.18050249e-02   4.10936400e-03
      2.92880237e-02   2.54755132e-02   1.49027165e-02   8.36425461e-03
      1.23176221e-02   3.34295235e-03]
   [  1.11944087e-01   1.24046348e-01  -1.07113361e-01  -5.55198593e-03
      9.55668911e-02  -8.97756368e-02   8.12387280e-03  -1.15039840e-01
      8.89954269e-02  -1.31510258e-01   1.07761979e-01   1.18640371e-01
     -3.94920027e-03  -1.74544565e-02   7.05878064e-03  -4.61890250e-02
      7.26884454e-02  -9.40448120e-02  -2.41727786e-04  -4.34487909e-02
     -5.41413069e-01   8.53119195e-02  -1.30641088e-02  -9.94459260e-05
      9.50650126e-02   1.17412589e-01   1.16552658e-01  -3.41583252e-01
     -4.29710299e-01   2.00403645e-03]
   [  1.64176002e-02  -1.87902898e-02  -1.31546753e-02   7.71157257e-03
     -4.60273633e-03   1.16354870e-02  -2.36624368e-02   2.30538216e-03
     -7.98103306e-03  -9.88811161e-03   4.87269135e-03   7.19662244e-03
     -7.07722138e-05   5.37665421e-03  -1.93009693e-02  -2.03709560e-03
     -2.70301025e-05  -1.07932491e-02  -3.93333100e-03   1.57583728e-02
     -9.66781378e-03   4.63672186e-04   2.29317751e-02   3.63268424e-03
      1.01302275e-02   2.86165867e-02   5.81972487e-03   9.37032979e-03
     -5.53811062e-03  -7.19957426e-03]
   [  4.15388346e-02  -1.34129852e-01   5.17931320e-02  -2.00586580e-03
      8.02736431e-02   1.34205800e-02  -7.09791668e-03   6.28694519e-02
     -1.03886083e-01   8.93596560e-02   4.64368127e-02   5.26786074e-02
     -1.31345447e-02   1.51897529e-02   1.57655752e-03   6.30386323e-02
      1.23244990e-02   8.70580748e-02   3.36613171e-02   3.13143432e-02
      1.35963812e-01   1.04558378e-01   1.35262182e-03   9.16059781e-03
      2.00841986e-02   7.09529966e-02  -9.60897654e-02   1.10320926e-01
      1.11497410e-01  -7.98094738e-03]
   [ -2.47689290e-03  -4.46991017e-03   1.77095551e-02   1.33925618e-03
      2.56573744e-02   2.41909013e-03  -6.80938317e-03  -6.32999511e-03
      3.43728215e-02   1.05168577e-02   3.82600119e-03  -2.49208361e-02
     -2.04622485e-02   2.21682386e-03   6.97107113e-04  -2.54777055e-02
      8.52095988e-03  -4.41950839e-03   5.91698661e-03  -1.29020251e-02
     -7.67101906e-03   5.08151529e-03   1.04721086e-02  -5.84337336e-04
     -1.64400060e-02  -7.69575220e-03   1.56692229e-02  -1.72502715e-02
     -1.03367595e-02  -1.64076146e-02]
   [  9.38589200e-02  -1.73568070e-01  -6.25860393e-02  -2.02956870e-02
      7.13616386e-02  -7.88869038e-02  -2.11615730e-02  -6.23296537e-02
     -1.62416697e-01  -1.06058486e-01   1.02287360e-01   1.07314624e-01
     -1.24503300e-02   1.76847018e-02   1.22009758e-02   7.03346450e-03
      8.88085440e-02  -6.70934990e-02  -5.55263180e-03   5.79890097e-03
      1.07197754e-01   9.04374197e-02  -1.49566482e-03  -1.20554049e-03
      9.30839404e-02   8.99209529e-02  -2.05470756e-01   8.04049894e-02
      1.06302939e-01  -1.10996328e-03]
   [  7.24111199e-02  -3.88109982e-01  -1.02614962e-01   5.66655537e-03
      9.72172990e-02  -8.54464844e-02  -1.40160378e-02  -7.09283799e-02
     -6.29656157e-03  -9.58645120e-02   1.11722246e-01   9.06669348e-02
     -8.18139408e-03  -1.84460972e-02  -5.70237578e-04   4.95750383e-02
      1.04318179e-01  -1.05190963e-01  -1.85326785e-02   4.37671617e-02
      1.25091642e-01   8.42911676e-02  -5.27464878e-03  -1.45554706e-03
      1.23583160e-01   8.01182091e-02  -3.95879567e-01   9.60319564e-02
      9.64401439e-02   1.67128886e-03]
   [  8.75345916e-02   1.07966676e-01  -4.81223911e-02   4.19183495e-03
      9.29865837e-02  -8.40021968e-02   2.28126184e-03  -7.82298222e-02
      1.01979189e-01  -9.13570374e-02   9.23319459e-02   8.46636221e-02
      8.50510783e-03  -1.73434485e-02  -6.75454549e-03   1.03780009e-01
      6.76567852e-02  -9.19562355e-02   1.47943767e-02  -2.31010374e-02
     -8.34192336e-02   8.58370811e-02   9.93058272e-03  -4.88700438e-03
      9.37612727e-02   5.90711869e-02   1.31521121e-01  -7.74541125e-02
     -9.80705395e-02   9.45834909e-03]
   [  1.17776081e-01  -3.16697598e-01  -1.08245917e-01   2.25445884e-03
      8.73129815e-02  -7.59936720e-02  -8.88062714e-05  -1.10562056e-01
     -2.44977400e-01  -1.33350551e-01   9.27393138e-02   9.83578414e-02
     -3.15978221e-04   7.13707739e-03  -1.86100192e-02  -2.35578362e-02
      1.16152234e-01  -1.07750289e-01  -1.43805500e-02  -3.77285853e-02
      1.33952543e-01   9.60112959e-02   1.27989566e-03  -6.79084845e-03
      1.10933766e-01   1.06106371e-01  -3.23954731e-01   1.21588193e-01
      1.33242056e-01  -1.36040710e-02]]]]
weights output
[[[[-0.18412727]
   [-0.04259305]
   [ 0.14333951]
   [ 0.1675171 ]
   [ 0.18533871]
   [-0.15526633]
   [-0.0101362 ]
   [ 0.03252233]
   [ 0.02011739]
   [ 0.05088424]
   [-0.0252842 ]
   [-0.02896789]
   [-0.11070824]
   [-0.12306556]
   [ 0.22259219]]]]
bias 1
[  3.25864181e-02  -1.69550031e-02   1.00098372e-01  -9.17782821e-03
   7.60420109e-04  -8.32349877e-04   2.71147221e-01  -3.81693081e-03
  -1.48325658e-03  -5.80703560e-03  -3.27351852e-03  -7.48966960e-03
  -1.03382595e-01   9.93639231e-02  -1.36610214e-03   1.39642612e-03
  -1.30851259e-02  -2.03288640e-04   5.94223058e-03  -2.17046728e-03
  -3.85851134e-04   9.41762179e-02  -1.89542491e-02  -4.65845224e-04
   4.38901670e-02  -7.94761702e-02   4.02912311e-02  -2.93522235e-03
   6.23795241e-02   5.66617474e-02  -4.61442024e-03   6.06143326e-02
   3.51492278e-02   1.49685949e-01  -8.73114448e-03  -2.70251743e-03
   9.52557549e-02   1.53099477e-01   3.62838954e-02   1.05287666e-02
  -4.75186072e-02  -4.12595831e-03   9.27660316e-02   1.85264185e-01
   1.10180855e-01  -6.58831280e-03   3.48148169e-03  -4.66788374e-03
   5.02557680e-02  -2.10438445e-02   8.60896781e-02  -7.35344291e-02
   1.22891255e-01   1.06577486e-01  -3.68167534e-02   1.58644933e-02
   1.15458548e-01  -6.93190144e-03   1.45370021e-01   1.57138497e-01
   1.70489281e-01  -1.64477937e-02  -4.60464600e-03   1.61974144e-03
   8.39643329e-02  -1.88928840e-04  -1.16257794e-01   9.50797573e-02
  -1.32908642e-01  -8.42452794e-03]
bias 2
[-0.01551661 -0.01909259  0.07763928 -0.00296531  0.03916411  0.15643817
 -0.02631421  0.13090678 -0.00697871  0.15534155 -0.02137938 -0.04516591
 -0.00081561 -0.0138187  -0.01399961  0.09410252 -0.05288422  0.16111231
 -0.00894853  0.14813772 -0.06274202  0.10117935 -0.01845231 -0.0500357
 -0.04870677 -0.00845752 -0.01815493 -0.05194811 -0.06201641 -0.02496457]
bias output
[ 0.23340267]