-6.496530175209045410e-01
-6.966306567192077637e-01
-7.657224535942077637e-01
-2.819442510604858398e+00
-6.981440782546997070e-01
-1.431408166885375977e+00
-4.654102325439453125e+00
-4.882889986038208008e-01
-7.153910994529724121e-01
-8.105276226997375488e-01
-6.618194580078125000e-01
-3.704422235488891602e+00
-6.853027820587158203e+00
-4.773138046264648438e+00
-1.292481366544961929e-02
-1.389775276184082031e+00
-2.536319732666015625e+00
-7.120081186294555664e-01
-7.451868057250976562e-01
-6.337838768959045410e-01
-4.060255050659179688e+00
-4.704734325408935547e+00
-6.888166069984436035e-01
-1.403224706649780273e+00
-7.810519933700561523e-01
-1.132698178291320801e+00
-7.581046819686889648e-01
-6.966136097908020020e-01
-6.553346514701843262e-01
-7.129344344139099121e-01
-6.833179593086242676e-01
-1.347289681434631348e+00
-3.711119413375854492e+00
-1.234436511993408203e+00
-2.285653352737426758e+00
-7.447915077209472656e-01
-4.119889259338378906e+00
-4.663117885589599609e+00
-3.898071050643920898e-01
-7.856273055076599121e-01
-3.561377763748168945e+00
-6.067777872085571289e-01
-6.087214350700378418e-01
-2.451085329055786133e+00
-6.262929439544677734e-01
-3.912530541419982910e-01
-3.572476625442504883e+00
-4.430994391441345215e-01
-6.908658146858215332e-01
-7.885565161705017090e-01
-7.315346598625183105e-01
-1.372174501419067383e+00
-4.826317787170410156e+00
-6.680319309234619141e-01
-2.339200824499130249e-01
-6.926738619804382324e-01
-5.023873805999755859e+00
-6.773717999458312988e-01
-5.550518989562988281e+00
-1.513444066047668457e+00
-5.119099140167236328e+00
-7.006654739379882812e-01
-4.293685436248779297e+00
-5.186445713043212891e+00
-2.477564096450805664e+00
-6.208094596862792969e+00
-9.335092902183532715e-01
-5.572686195373535156e-01
-2.912189483642578125e+00
-7.421717643737792969e-01
-6.739034056663513184e-01
-3.854743719100952148e+00
-3.840458095073699951e-01
-3.316286563873291016e+00
-7.290570259094238281e+00
-7.267604470252990723e-01
-6.094423532485961914e-01
-6.000505924224853516e+00
-6.276955008506774902e-01
-7.628577351570129395e-01
-1.927625536918640137e+00
-6.730754375457763672e-01
-1.417700290679931641e+00
-2.123723745346069336e+00
-5.212817192077636719e-01
-7.446735501289367676e-01
-1.105536699295043945e+00
-2.888110160827636719e+00
-6.680166125297546387e-01
-5.225352287292480469e+00
-6.607963442802429199e-01
-4.500631988048553467e-01
-2.008406639099121094e+00
-1.997642874717712402e+00
-6.431739330291748047e-01
-2.156129837036132812e+00
-7.622092366218566895e-01
-4.535210132598876953e+00
-7.453979253768920898e-01
-3.915370106697082520e-01
