6.562222838401794434e-01
-1.549093723297119141e+00
1.007264852523803711e+00
2.013983279466629028e-01
-1.373281836509704590e+00
3.443419039249420166e-01
-1.131601557135581970e-01
6.482578814029693604e-02
-2.732786238193511963e-01
-2.837435808032751083e-03
-6.498396992683410645e-01
-9.272107481956481934e-01
-1.369330883026123047e+00
-2.294058799743652344e-01
7.906993627548217773e-01
4.055648446083068848e-01
2.570391893386840820e-01
-9.769256114959716797e-01
4.049871265888214111e-01
-1.457075953483581543e+00
-1.557727098464965820e+00
-1.071050405502319336e+00
6.588088274002075195e-01
1.128649950027465820e+00
2.878701388835906982e-01
