-6.505413353443145752e-02
-5.974531173706054688e-02
3.556460514664649963e-02
5.490803346037864685e-02
-2.994829975068569183e-02
4.841755330562591553e-02
2.166398614645004272e-02
2.726238965988159180e-02
-6.569934543222188950e-03
-2.607472054660320282e-02
-5.749630928039550781e-02
4.739898070693016052e-02
-2.222227863967418671e-02
4.297734797000885010e-02
5.141175538301467896e-02
1.313077658414840698e-02
5.782585591077804565e-03
1.412492431700229645e-02
-2.866750024259090424e-02
-5.028765648603439331e-02
2.921759150922298431e-02
7.085133343935012817e-03
-1.108607370406389236e-02
2.085850946605205536e-02
-4.059266671538352966e-02
6.181647628545761108e-02
3.195037320256233215e-02
-5.579789355397224426e-02
-2.511792443692684174e-02
-1.695266738533973694e-02
-1.494223158806562424e-02
2.703982405364513397e-02
5.134369432926177979e-02
1.910979300737380981e-02
3.013894148170948029e-02
-2.404276281595230103e-02
3.754420205950737000e-02
-5.390816368162631989e-03
7.220523059368133545e-02
-1.962810568511486053e-02
1.455714460462331772e-02
-1.009034179151058197e-02
-4.465273022651672363e-02
3.199911862611770630e-02
-2.739072963595390320e-02
-7.025872170925140381e-02
2.744263224303722382e-02
-1.112552732229232788e-02
-3.984598815441131592e-02
-2.410699613392353058e-02
-1.170291192829608917e-02
4.842912778258323669e-03
9.465661831200122833e-03
-4.791696742177009583e-02
7.415512949228286743e-02
-4.609305411577224731e-02
2.061837166547775269e-02
-1.753471232950687408e-02
4.586653318256139755e-03
2.601810730993747711e-02
2.945000864565372467e-02
-2.418532222509384155e-02
1.465115696191787720e-02
1.179945282638072968e-02
-1.658548973500728607e-02
7.517943624407052994e-03
6.791032105684280396e-02
-6.321604549884796143e-02
3.858479857444763184e-02
-1.889262720942497253e-02
-1.516964472830295563e-02
-2.390739880502223969e-02
7.133211195468902588e-02
-4.201430827379226685e-03
6.261278409510850906e-03
-3.584380447864532471e-02
-5.841591954231262207e-02
1.112469751387834549e-02
-2.428989857435226440e-02
-3.678651154041290283e-02
-1.883489824831485748e-02
-2.571080811321735382e-02
1.240143273025751114e-02
1.716027408838272095e-02
-6.624292582273483276e-02
-2.847266383469104767e-02
1.539908349514007568e-02
-6.226683035492897034e-03
-1.014809310436248779e-02
-9.707591496407985687e-03
1.240608748048543930e-02
4.431951418519020081e-02
-2.606117352843284607e-02
-6.400768179446458817e-03
-1.752577163279056549e-02
7.223386317491531372e-03
-2.828294411301612854e-02
2.247189730405807495e-02
1.299140416085720062e-02
2.716226875782012939e-02
-4.455498605966567993e-02
6.213602423667907715e-02
-7.734397053718566895e-02
-5.502157285809516907e-02
-1.423054039478302002e-01
2.109798602759838104e-02
-4.520463570952415466e-02
-1.107515674084424973e-02
-2.181161660701036453e-03
-2.110044658184051514e-02
1.627415232360363007e-02
-1.126494258642196655e-02
1.278059644391760230e-04
-1.015468761324882507e-01
1.595550030469894409e-02
-4.675663635134696960e-02
-4.053819924592971802e-02
-4.733397811651229858e-02
8.820986002683639526e-02
-9.184513986110687256e-02
-8.462770842015743256e-03
3.844763338565826416e-02
-9.987698867917060852e-03
-3.685642778873443604e-02
5.727915558964014053e-04
3.134688828140497208e-03
-2.151431888341903687e-02
1.265852432698011398e-02
-1.772041618824005127e-02
2.039952576160430908e-02
-2.532225474715232849e-02
-7.802823930978775024e-02
5.189311504364013672e-02
-1.389160566031932831e-02
3.316316753625869751e-02
-5.002132058143615723e-02
8.531179279088973999e-02
2.044030278921127319e-02
-7.135760504752397537e-03
1.995130814611911774e-02
2.827235125005245209e-02
6.256891041994094849e-02
-2.831173688173294067e-02
2.389747276902198792e-02
-2.661598380655050278e-03
-5.234153941273689270e-02
-1.872073486447334290e-02
4.762194678187370300e-02
-3.886868804693222046e-02
-1.946530072018504143e-03
9.020227938890457153e-02
-1.208152920007705688e-01
7.666804641485214233e-02
-4.888140410184860229e-02
1.397257745265960693e-01
1.330225169658660889e-01
1.536002904176712036e-01
7.901687920093536377e-02
-1.051987931132316589e-01
-4.425017908215522766e-02
-1.216563279740512371e-03
-5.528805404901504517e-02
1.018136739730834961e-02
2.371494844555854797e-02
-1.936691440641880035e-02
2.651051245629787445e-02
-1.524861901998519897e-02
-3.143951296806335449e-02
-2.408854663372039795e-02
1.020886935293674469e-02
-1.135622709989547729e-02
5.106884986162185669e-02
9.966491907835006714e-02
-8.084013313055038452e-02
5.122771859169006348e-02
5.795894563198089600e-02
4.543845728039741516e-02
9.780821204185485840e-02
6.066682189702987671e-02
8.846060931682586670e-02
4.208345338702201843e-02
7.185833901166915894e-02
-5.707754194736480713e-02
1.286603957414627075e-01
7.389769703149795532e-02
