-2.535731494426727295e-01
-7.044948339462280273e-01
-4.249343276023864746e-01
-1.152094125747680664e+00
-5.337008237838745117e-01
9.676061868667602539e-01
8.449307680130004883e-01
-5.932639911770820618e-02
1.668067127466201782e-01
-4.130201041698455811e-02
-4.205504357814788818e-01
2.633321881294250488e-01
3.868818581104278564e-01
-6.634797155857086182e-02
6.580926179885864258e-01
6.425728201866149902e-01
9.947982430458068848e-02
-1.046013593673706055e+00
-6.269314885139465332e-02
5.583642721176147461e-01
-1.375160336494445801e+00
4.101309180259704590e-01
-9.120219945907592773e-01
-6.956558823585510254e-01
-1.075626611709594727e-01
