-6.606351733207702637e-01
-7.064149379730224609e-01
-8.042705655097961426e-01
-2.953570365905761719e+00
-7.175605893135070801e-01
-1.466066598892211914e+00
-4.784890174865722656e+00
-4.835984408855438232e-01
-7.340968251228332520e-01
-8.309994935989379883e-01
-6.851314902305603027e-01
-4.097818851470947266e+00
-7.021992206573486328e+00
-4.905371189117431641e+00
-6.619645655155181885e-02
-1.421863675117492676e+00
-2.696370840072631836e+00
-7.178020477294921875e-01
-7.602378129959106445e-01
-6.516282558441162109e-01
-4.194368362426757812e+00
-5.088028430938720703e+00
-7.160884141921997070e-01
-1.408769130706787109e+00
-7.934401035308837891e-01
-1.078358173370361328e+00
-7.832737565040588379e-01
-7.067397236824035645e-01
-6.760263442993164062e-01
-7.364230155944824219e-01
-7.133085727691650391e-01
-1.341477155685424805e+00
-4.184702396392822266e+00
-1.234436511993408203e+00
-2.272980451583862305e+00
-7.632172703742980957e-01
-4.176190853118896484e+00
-4.835992336273193359e+00
-3.917808830738067627e-01
-8.160398006439208984e-01
-3.666883230209350586e+00
-6.142371296882629395e-01
-6.235598921775817871e-01
-2.564221620559692383e+00
-6.414532661437988281e-01
-3.925278782844543457e-01
-2.647700309753417969e+00
-3.965082466602325439e-01
-7.011190056800842285e-01
-8.114185929298400879e-01
-7.480922937393188477e-01
-1.427535891532897949e+00
-5.009520053863525391e+00
-6.787531375885009766e-01
-2.524598538875579834e-01
-7.221252322196960449e-01
-5.295667648315429688e+00
-7.008255124092102051e-01
-5.800973892211914062e+00
-1.510514736175537109e+00
-5.362660408020019531e+00
-7.213008403778076172e-01
-4.522910118103027344e+00
-5.443768024444580078e+00
-2.614286899566650391e+00
-6.703526496887207031e+00
-9.011642932891845703e-01
-5.638415813446044922e-01
-3.105777502059936523e+00
-7.559956312179565430e-01
-6.946250796318054199e-01
-3.811937093734741211e+00
-3.922840654850006104e-01
-3.624501943588256836e+00
-7.675791740417480469e+00
-7.443308830261230469e-01
-6.277098655700683594e-01
-6.306005954742431641e+00
-6.082897186279296875e-01
-7.750364542007446289e-01
-2.050476312637329102e+00
-6.885188221931457520e-01
-1.478857398033142090e+00
-2.125128269195556641e+00
-5.326204299926757812e-01
-7.481874823570251465e-01
-1.123712062835693359e+00
-3.099567413330078125e+00
-6.871345043182373047e-01
-5.602776050567626953e+00
-6.823666691780090332e-01
-4.644488990306854248e-01
-2.147330045700073242e+00
-2.009737968444824219e+00
-6.497499942779541016e-01
-2.183061599731445312e+00
-7.707160115242004395e-01
-4.532876014709472656e+00
-7.678796052932739258e-01
-3.932134509086608887e-01
