5.604311451315879822e-02
-5.274222493171691895e-01
5.448892712593078613e-01
3.835877180099487305e-01
5.049486756324768066e-01
5.997050553560256958e-02
-1.543112546205520630e-01
-1.147142127156257629e-01
3.546541929244995117e-01
4.964566230773925781e-02
-4.331158995628356934e-01
-4.018562287092208862e-02
3.372820913791656494e-01
5.143612027168273926e-01
-6.533719599246978760e-02
5.353113263845443726e-02
-8.734608441591262817e-02
-5.530784726142883301e-01
3.630264699459075928e-01
8.493477106094360352e-02
2.915150523185729980e-01
-5.347583293914794922e-01
5.051729455590248108e-02
-3.386574611067771912e-02
5.715520977973937988e-01
-2.822519540786743164e-01
-6.630892306566238403e-02
-5.136371254920959473e-01
-1.776619553565979004e-01
1.871716529130935669e-01
-7.597353309392929077e-02
-2.109141796827316284e-01
1.682888120412826538e-01
-2.564951777458190918e-01
-1.717261672019958496e-01
1.568176895380020142e-01
-1.820311993360519409e-01
1.318410038948059082e-01
1.108079254627227783e-01
1.161551219411194324e-03
4.851961135864257812e-02
-5.083013176918029785e-01
3.964647650718688965e-02
1.169638410210609436e-01
2.320811618119478226e-03
-5.075890943408012390e-02
1.401285380125045776e-01
-1.628723740577697754e-01
3.303869366645812988e-01
-4.721553251147270203e-02
3.848997056484222412e-01
-7.275259494781494141e-02
2.716018259525299072e-02
1.619197130203247070e-01
-4.797532856464385986e-01
-7.850291579961776733e-02
-5.325246453285217285e-01
-3.151312768459320068e-01
-3.261458277702331543e-01
1.626355573534965515e-02
-7.262333631515502930e-01
-1.548563390970230103e-01
1.659380495548248291e-01
-8.981373906135559082e-02
3.149938881397247314e-01
-6.802698969841003418e-01
5.502989143133163452e-02
-1.156191378831863403e-01
-3.622419536113739014e-01
9.450641274452209473e-02
-4.072220027446746826e-01
1.844772547483444214e-01
6.209740042686462402e-02
-2.754507064819335938e-01
6.271587312221527100e-02
-1.208379268646240234e+00
2.312763333320617676e-01
-1.437408208847045898e+00
-2.644111394882202148e+00
-1.804387450218200684e+00
-1.463949829339981079e-01
-2.593887038528919220e-02
-1.809638589620590210e-01
-1.096124649047851562e+00
-2.586340010166168213e-01
-6.664804816246032715e-01
-7.723066806793212891e+00
-2.201969146728515625e+00
-6.140199303627014160e-01
-6.000779867172241211e-01
-1.647356629371643066e+00
-1.494524121284484863e+00
2.063022404909133911e-01
-1.092242598533630371e+00
-2.625481784343719482e-01
-6.317346096038818359e-01
-5.316321849822998047e-01
-8.563590049743652344e-02
3.089229464530944824e-01
-2.379323542118072510e-01
9.464203566312789917e-02
2.175595760345458984e-01
-1.223781406879425049e-01
-2.416835278272628784e-01
-1.182424306869506836e+00
2.378931269049644470e-02
2.511734142899513245e-02
-1.113487184047698975e-01
-1.344507217407226562e+00
4.062351305037736893e-03
3.434700071811676025e-01
4.375360906124114990e-02
6.097269430756568909e-02
-6.186254620552062988e-01
-1.319787502288818359e-01
1.435803063213825226e-02
1.579921096563339233e-01
-1.899531483650207520e-02
-2.834111452102661133e-01
-5.925155282020568848e-01
3.111397325992584229e-01
-2.635636031627655029e-01
-7.887599468231201172e-01
2.807573974132537842e-01
-1.045835971832275391e+00
-1.051351428031921387e+00
-2.646579742431640625e-01
-2.006638288497924805e+00
-2.038826346397399902e-01
-7.810862660408020020e-01
1.324879080057144165e-01
-8.110773563385009766e-02
3.984689712524414062e-01
-2.867350578308105469e-01
-1.060846805572509766e+00
-4.945768833160400391e+00
1.789363026618957520e-01
4.587176814675331116e-02
7.858508229255676270e-01
1.852573752403259277e-01
-2.597792148590087891e-01
4.633269906044006348e-01
4.723718762397766113e-01
-2.455211877822875977e+00
3.019210398197174072e-01
-2.994539439678192139e-01
-9.035737812519073486e-02
-1.276813894510269165e-01
2.999128587543964386e-02
-9.331969618797302246e-01
6.656774133443832397e-02
-8.364820480346679688e-02
-1.294071078300476074e+00
5.847387909889221191e-01
-6.772297024726867676e-01
3.993944451212882996e-02
-4.379797726869583130e-02
3.984067738056182861e-01
1.506784111261367798e-01
-7.576061040163040161e-02
-2.880921065807342529e-01
-1.362548172473907471e-01
2.740979790687561035e-01
-1.879008769989013672e+00
1.903759390115737915e-01
6.300687789916992188e-01
4.950973391532897949e-01
-6.421851366758346558e-02
-1.888718456029891968e-01
2.932677865028381348e-01
-5.460510728880763054e-04
-5.267926216125488281e+00
4.233522713184356689e-02
-2.299036458134651184e-02
2.536195814609527588e-01
-1.900799572467803955e-01
6.645572930574417114e-02
-1.856914311647415161e-01
-1.405332565307617188e+00
4.878406226634979248e-02
-4.859955906867980957e-01
-5.195823311805725098e-01
-2.424099743366241455e-01
-1.186234354972839355e-01
-1.000186085700988770e+00
2.842431366443634033e-01
-1.493541300296783447e-01
-1.811860054731369019e-01
-1.598112225532531738e+00
-2.714903950691223145e-01
-2.210862934589385986e-01
-1.476791650056838989e-01
5.763849616050720215e-01
-2.441800832748413086e+00
-2.475814074277877808e-01
-3.506868124008178711e+00
-9.360352158546447754e-02
-1.120258688926696777e+00
1.778087764978408813e-01
1.081129536032676697e-01
7.788004279136657715e-01
-5.250654816627502441e-01
4.544563591480255127e-02
6.269610524177551270e-01
-1.237423196434974670e-01
8.649609982967376709e-02
-5.932383611798286438e-02
1.374326050281524658e-01
-1.804837822914123535e+00
-1.335641890764236450e-01
-4.472218155860900879e-01
-2.440311163663864136e-01
1.473146677017211914e-01
2.028055191040039062e-01
2.364999055862426758e-02
4.517655968666076660e-01
-2.652072310447692871e-01
-3.088968396186828613e-01
-5.487837195396423340e-01
-1.652153283357620239e-01
-2.405555993318557739e-01
-5.047348737716674805e-01
-6.702441256493330002e-03
-1.737010478973388672e-01
-2.442612648010253906e+00
2.718430459499359131e-01
-1.413103044033050537e-01
-2.157167904078960419e-02
2.075662016868591309e-01
2.056587934494018555e-01
-4.833213686943054199e-01
2.106656581163406372e-01
-4.654568433761596680e-01
3.583355545997619629e-01
-1.810824424028396606e-01
4.182936251163482666e-01
6.965588927268981934e-01
1.335141956806182861e-01
-1.386897731572389603e-02
2.871350646018981934e-01
-1.978695020079612732e-02
3.272514939308166504e-01
-2.691191807389259338e-02
3.277935683727264404e-01
-4.151582717895507812e+00
-1.627698838710784912e-01
1.310644000768661499e-01
7.944132387638092041e-02
1.464646607637405396e-01
-1.857849121093750000e+00
7.056617140769958496e-01
9.162487834692001343e-02
4.325677454471588135e-01
-8.485882282257080078e-01
-3.093324601650238037e-01
-7.633415609598159790e-02
2.654094435274600983e-02
-2.321357578039169312e-01
1.149629279971122742e-01
3.042258620262145996e-01
1.352976560592651367e-01
-6.081809997558593750e-01
-3.606893718242645264e-01
-9.719964861869812012e-02
-4.882650449872016907e-02
-6.557044386863708496e-01
1.253646314144134521e-01
1.164114475250244141e-01
8.092046715319156647e-03
-5.421516299247741699e-01
6.645658519119024277e-03
5.016501545906066895e-01
-3.197496011853218079e-02
8.157874643802642822e-02
-1.677317768335342407e-01
-1.989555209875106812e-01
8.125174790620803833e-02
-2.358138412237167358e-01
-1.172063350677490234e-01
-2.008514165878295898e+00
-1.109919920563697815e-01
4.013158380985260010e-02
1.822783495299518108e-03
-3.043111860752105713e-01
-4.111168384552001953e-01
2.163338512182235718e-01
2.801066637039184570e-01
-4.553774595260620117e-01
-2.464947104454040527e-01
-2.205153256654739380e-01
-2.651214301586151123e-01
-2.091107815504074097e-01
5.392428115010261536e-02
-1.498053073883056641e-01
-1.813802272081375122e-01
-2.480113059282302856e-01
-2.541873157024383545e-01
-1.926830783486366272e-02
6.464073807001113892e-02
-4.913253337144851685e-02
4.050519689917564392e-02
9.391867518424987793e-01
-5.814594775438308716e-02
2.934896349906921387e-01
-1.185889616608619690e-01
1.210940554738044739e-01
-1.123013719916343689e-01
-1.235349625349044800e-01
-1.994626671075820923e-01
1.791865229606628418e-01
4.015313088893890381e-01
6.671662926673889160e-01
-1.012865528464317322e-01
-7.125336527824401855e-01
-1.470441520214080811e-01
4.318089783191680908e-01
1.423948258161544800e-01
2.847527861595153809e-01
5.836381316184997559e-01
1.114649474620819092e-01
-8.157898187637329102e-01
2.608797848224639893e-01
2.750047445297241211e-01
-4.799662232398986816e-01
-2.521963596343994141e+00
3.658536076545715332e-02
-3.014457412064075470e-02
-9.576366282999515533e-03
1.233168691396713257e-01
4.166425205767154694e-03
-4.064349830150604248e-02
-3.386126086115837097e-02
1.042713038623332977e-02
8.297496289014816284e-02
-5.289427936077117920e-03
-5.210106819868087769e-02
-4.263545572757720947e-02
-5.047760158777236938e-02
-7.792084664106369019e-02
5.032815784215927124e-02
1.502115726470947266e-01
1.275801807641983032e-01
-5.329792574048042297e-02
8.602506667375564575e-02
-1.062303036451339722e-01
9.996590670198202133e-04
-3.101966679096221924e-01
4.448566585779190063e-02
-2.127666026353836060e-02
2.374049089848995209e-02
-1.029636990278959274e-02
1.049859821796417236e-01
-3.348058760166168213e-01
5.137212574481964111e-02
-7.901125401258468628e-02
1.444013863801956177e-01
6.517431885004043579e-02
-2.448715120553970337e-01
1.178874522447586060e-01
-1.040257960557937622e-01
6.013583764433860779e-02
-3.615389823913574219e+00
4.111930727958679199e-01
-7.924301028251647949e-01
-1.193607896566390991e-01
-1.848066091537475586e+00
-6.595926284790039062e-01
1.250999271869659424e-01
-1.112828850746154785e+00
-7.298971414566040039e-01
-2.842976339161396027e-02
-4.692577123641967773e-01
-1.239596009254455566e-01
4.482166841626167297e-02
-1.767598986625671387e-01
-1.222971677780151367e+00
3.009682893753051758e-01
-7.472869753837585449e-01
7.539831101894378662e-02
-2.145796418190002441e-01
-1.359950423240661621e+00
5.888240933418273926e-01
1.942562609910964966e-01
4.478001594543457031e-01
-3.567463457584381104e-01
-1.208046674728393555e+00
-3.016810715198516846e-01
2.848398089408874512e-01
-1.672506093978881836e+00
3.647846281528472900e-01
-4.140136241912841797e-01
-2.876024246215820312e-01
1.341218799352645874e-01
7.828077673912048340e-01
-8.778250694274902344e+00
7.944765686988830566e-02
-5.257963538169860840e-01
-7.587494850158691406e-01
-1.047029495239257812e+00
-3.153188228607177734e+00
-7.674000859260559082e-01
6.920548528432846069e-02
7.816497981548309326e-02
-3.440737426280975342e-01
2.181503921747207642e-01
3.578704968094825745e-02
-3.684598580002784729e-02
-6.540430188179016113e-01
6.958711892366409302e-02
-2.113198757171630859e+00
-3.017108142375946045e-01
8.166585862636566162e-02
-4.490436315536499023e-01
3.368849679827690125e-02
1.863459646701812744e-01
-7.056954503059387207e-01
-1.005835890769958496e+00
5.237033963203430176e-01
2.256122678518295288e-01
1.206827722489833832e-02
-8.315429091453552246e-01
-9.513886570930480957e-01
-2.556508593261241913e-02
-2.374696135520935059e-01
-1.755506396293640137e-01
4.007956683635711670e-01
1.413403749465942383e-01
-2.730827629566192627e-01
-1.714795082807540894e-01
-3.118872046470642090e-01
-8.606901764869689941e-01
-4.575368389487266541e-02
2.299062609672546387e-01
9.435023367404937744e-02
3.106192648410797119e-01
-3.524391889572143555e+00
-8.762536942958831787e-02
7.512357234954833984e-01
-7.490915060043334961e-01
-3.857294842600822449e-02
-6.528983265161514282e-02
9.390717148780822754e-01
1.211034134030342102e-01
3.756938278675079346e-01
-2.160566300153732300e-01
-1.378933619707822800e-02
-4.825881123542785645e-02
3.316363692283630371e-02
-2.699755728244781494e-01
2.140978127717971802e-01
-1.704966574907302856e-01
9.604386687278747559e-01
-1.328206658363342285e-01
3.320727050304412842e-01
-6.487604975700378418e-01
-4.669967293739318848e-01
-1.935506239533424377e-02
8.088372349739074707e-01
-1.230880975723266602e+00
-5.023546218872070312e-01
1.099393010139465332e+00
3.034713268280029297e-01
1.256939530372619629e+00
-3.455567061901092529e-01
-4.694327712059020996e-01
4.421202838420867920e-01
-9.900134205818176270e-01
7.204610109329223633e-01
5.077214241027832031e-01
-5.697181224822998047e-01
2.183453924953937531e-02
6.100631952285766602e-01
-2.717472910881042480e-01
-3.575782477855682373e-01
-4.030870497226715088e-01
1.096938699483871460e-01
-9.594454169273376465e-01
1.471468955278396606e-01
2.555903792381286621e-01
7.778831124305725098e-01
-1.599681973457336426e+00
-3.294325470924377441e-01
1.495473086833953857e-01
-9.277118444442749023e-01
4.352096095681190491e-02
4.730754494667053223e-01
-7.582765817642211914e-01
3.025742471218109131e-01
2.530170679092407227e-01
-3.813090026378631592e-01
-7.839609384536743164e-01
-9.844218492507934570e-01
-1.049135684967041016e+00
6.276253610849380493e-02
-3.632279634475708008e-01
-4.152238965034484863e-01
3.922615349292755127e-01
1.313356757164001465e-01
-2.745302915573120117e-01
-3.562003672122955322e-01
5.169820785522460938e-01
8.763482421636581421e-02
-2.423284761607646942e-02
-1.957662940025329590e+00
2.433559298515319824e-01
-3.226657584309577942e-02
1.025752257555723190e-02
1.115758623927831650e-02
-9.693973511457443237e-02
-6.118797138333320618e-02
1.017872840166091919e-01
-4.515014216303825378e-02
-1.750731021165847778e-01
-5.936260819435119629e-01
-1.439439505338668823e-01
-1.562582254409790039e+00
-3.816627860069274902e-01
9.177619963884353638e-02
-1.708307415246963501e-01
6.396567821502685547e-02
4.316345974802970886e-02
2.656716406345367432e-01
-4.817686229944229126e-02
8.301284909248352051e-02
-1.491795480251312256e-01
-1.126565635204315186e-01
3.187732771039009094e-02
-1.744079947471618652e+00
-2.424636930227279663e-01
-4.003706574440002441e-01
7.076503336429595947e-02
5.996143445372581482e-03
-4.191456437110900879e-01
-4.178905785083770752e-01
-1.872725225985050201e-02
2.542810328304767609e-02
-2.699847817420959473e-01
-9.712343215942382812e-01
-2.777386903762817383e-01
-6.745806336402893066e-02
1.329770684242248535e-02
-1.220092400908470154e-01
-1.440687663853168488e-02
-6.331766396760940552e-02
1.790411397814750671e-02
-1.735185086727142334e-02
-1.432673692703247070e+00
-1.837138831615447998e-02
4.020693898200988770e-02
-6.575632691383361816e-01
8.900881558656692505e-02
1.680092886090278625e-03
1.849196404218673706e-01
3.251542747020721436e-01
2.877124547958374023e-01
-2.409588098526000977e-01
2.408493608236312866e-01
-5.773561596870422363e-01
-7.930718660354614258e-01
1.692813448607921600e-02
8.340306878089904785e-01
3.458721637725830078e-01
6.798771023750305176e-02
-5.544131398200988770e-01
1.311530321836471558e-01
8.028137683868408203e-01
3.845415711402893066e-01
-8.667613565921783447e-02
2.184353619813919067e-01
-7.259654998779296875e-02
2.420151792466640472e-02
3.870922625064849854e-01
2.603249251842498779e-02
1.388527154922485352e-01
-1.161370873451232910e+00
7.125003635883331299e-02
6.709350943565368652e-01
-3.163684904575347900e-01
-3.337127864360809326e-01
-1.494825005531311035e+00
-4.047771170735359192e-02
-2.155252248048782349e-01
-1.418339610099792480e-01
8.342847973108291626e-02
-4.746334552764892578e-01
1.211241185665130615e-01
-1.345950961112976074e-01
-1.087306812405586243e-01
-9.126676321029663086e-01
6.188171356916427612e-02
-1.354570835828781128e-01
-2.089970111846923828e-01
1.615661233663558960e-01
-8.637890815734863281e-01
-9.817232191562652588e-02
-4.659201204776763916e-02
-3.154892921447753906e-01
-1.936982125043869019e-01
-4.604687392711639404e-01
3.806809484958648682e-01
-8.032977581024169922e-02
5.875850841403007507e-02
5.474641323089599609e-01
-3.638170361518859863e-01
-3.158609196543693542e-02
7.395604252815246582e-02
1.899584196507930756e-02
-4.613705575466156006e-01
-1.811467856168746948e-01
-2.021818794310092926e-02
1.876280456781387329e-01
-2.799261920154094696e-02
-2.022500783205032349e-01
-3.194350898265838623e-01
-2.635696530342102051e-01
-4.077745378017425537e-01
-3.595171272754669189e-01
-2.075927099213004112e-03
-1.660491824150085449e-01
-2.774609923362731934e-01
4.478695616126060486e-02
-3.194956183433532715e-01
-8.554834872484207153e-02
9.351846575736999512e-02
-6.151271462440490723e-01
-3.008615672588348389e-01
3.306428343057632446e-02
6.117651611566543579e-02
4.305161535739898682e-03
-3.472872376441955566e-01
-3.238518536090850830e-02
-1.323286723345518112e-02
3.969911485910415649e-02
-2.039702683687210083e-01
-1.240998134016990662e-02
6.010062992572784424e-02
-2.851208671927452087e-02
-2.005622535943984985e-02
-6.176119670271873474e-02
-9.381314367055892944e-02
1.145243495702743530e-01
-7.747873663902282715e-02
2.070677280426025391e-02
-1.589847803115844727e-01
2.301130592823028564e-01
1.661011949181556702e-02
-4.029171168804168701e-01
-1.397370267659425735e-02
4.874434322118759155e-02
-1.051966696977615356e-01
-2.547309994697570801e-01
2.897746860980987549e-02
-2.656894549727439880e-02
5.113832652568817139e-02
-1.030594259500503540e-01
-1.545472145080566406e-01
2.887369990348815918e-01
-2.506171762943267822e-01
-3.561078105121850967e-03
2.211254835128784180e-01
2.566334605216979980e-01
-2.403533756732940674e-01
-8.257554471492767334e-02
-2.366614490747451782e-01
2.089763879776000977e-01
-7.514303177595138550e-02
5.310686770826578140e-03
7.926000654697418213e-02
2.456766963005065918e-01
8.867405354976654053e-02
-2.482317686080932617e-01
2.125455588102340698e-01
-1.635282337665557861e-01
-2.224940061569213867e-01
-2.854518294334411621e-01
-1.888998746871948242e-01
3.781482949852943420e-02
-1.683805882930755615e-01
7.315303683280944824e-01
-4.566314518451690674e-01
-1.361229224130511284e-03
-1.630052365362644196e-02
1.851901039481163025e-02
-2.253642231225967407e-01
1.839030534029006958e-01
1.314498633146286011e-01
-5.483525618910789490e-02
2.781531587243080139e-02
-1.777583360671997070e-01
-1.208921000361442566e-01
-4.133474528789520264e-01
-2.182761579751968384e-01
3.515562415122985840e-02
-1.810570806264877319e-01
-4.016486182808876038e-02
1.750805228948593140e-02
6.956038624048233032e-02
-1.325874496251344681e-02
5.753095075488090515e-02
-6.190050840377807617e-01
-1.750789731740951538e-01
3.884508088231086731e-02
-5.763882398605346680e-02
-4.114698618650436401e-02
-5.808543041348457336e-02
1.894292533397674561e-01
7.348893582820892334e-02
-2.216239869594573975e-01
-1.886738538742065430e-01
4.836177825927734375e-02
-4.081330597400665283e-01
-3.338732197880744934e-02
-3.507272601127624512e-01
-1.645170003175735474e-01
-2.978900372982025146e-01
4.117486625909805298e-02
-2.234029769897460938e-01
-2.988923341035842896e-02
-2.039820402860641479e-01
-3.984214738011360168e-02
-1.260252296924591064e-01
7.211011648178100586e-02
8.066974580287933350e-02
-2.225973643362522125e-03
-5.335161462426185608e-03
-8.599431812763214111e-02
6.850553303956985474e-02
-3.697074949741363525e-01
-3.962251543998718262e-01
3.651570081710815430e-01
7.510639727115631104e-02
1.263222657144069672e-02
-4.525093734264373779e-01
-2.293922901153564453e-01
7.387568801641464233e-02
2.364084124565124512e-01
6.483958661556243896e-02
-2.306493669748306274e-01
-1.159824132919311523e+00
-2.758647203445434570e-01
-1.820051431655883789e+00
-3.121305108070373535e-01
2.112367562949657440e-02
-6.834710836410522461e-01
-2.416723817586898804e-01
-7.450076751410961151e-03
1.099803745746612549e-01
-7.707738876342773438e-02
8.187388628721237183e-02
-1.982368677854537964e-01
-2.879486046731472015e-02
-2.652242422103881836e+00
-1.479961037635803223e+00
-2.449536621570587158e-01
-1.128342971205711365e-01
2.290595918893814087e-01
-3.117810189723968506e-02
-1.286595314741134644e-01
-7.139719128608703613e-01
-9.308393001556396484e-01
-6.274776458740234375e-01
-4.167912006378173828e-01
2.410132735967636108e-01
-2.041972398757934570e+00
-1.709199547767639160e+00
-5.603068321943283081e-02
1.893375217914581299e-01
7.536181807518005371e-01
3.569305837154388428e-01
-5.912727713584899902e-01
-5.061613917350769043e-01
-9.999231100082397461e-01
-4.951676353812217712e-02
-1.862783581018447876e-01
2.824699282646179199e-01
3.881866112351417542e-02
4.653534293174743652e-02
-1.581384986639022827e-01
-7.040668129920959473e-01
2.110718339681625366e-01
8.882807195186614990e-02
-9.509167820215225220e-02
-3.105459511280059814e-01
4.343838617205619812e-02
-6.637400388717651367e-02
-3.650605976581573486e-01
3.929192200303077698e-02
1.824707984924316406e-01
1.620936952531337738e-02
-2.024654448032379150e-01
-1.061503648757934570e+00
-1.039585396647453308e-01
-1.692707061767578125e+00
-1.904407441616058350e-01
1.148812323808670044e-01
7.529478520154953003e-02
-1.332981288433074951e-01
-2.178407460451126099e-01
-1.665250658988952637e-01
-8.504675030708312988e-01
1.757607236504554749e-02
-8.677510619163513184e-01
4.806480184197425842e-02
1.477638930082321167e-01
8.299753814935684204e-02
-1.489037424325942993e-01
-7.290815353393554688e+00
-1.262183904647827148e+00
-1.492104381322860718e-01
2.203140035271644592e-02
4.017818719148635864e-02
6.868793815374374390e-02
-2.822788357734680176e-01
1.420759260654449463e-01
1.096459254622459412e-01
2.154622077941894531e-01
-2.780839681625366211e+00
4.818765074014663696e-02
-1.333566904067993164e-01
-2.456174135208129883e+00
1.356918662786483765e-01
2.805896401405334473e-01
1.343091875314712524e-01
-2.648248076438903809e-01
-3.323929548263549805e+00
-9.269225001335144043e-01
3.729921579360961914e-02
-4.974007606506347656e-02
-3.879741951823234558e-02
-6.573211401700973511e-02
1.409112960100173950e-01
-8.309141546487808228e-02
8.626279979944229126e-02
1.598305553197860718e-01
-7.434301972389221191e-01
-4.736471772193908691e-01
1.652030944824218750e-01
-2.388306520879268646e-02
1.531027704477310181e-01
-2.611744403839111328e-01
-3.445641696453094482e-02
-6.959216296672821045e-02
-1.376506388187408447e-01
-2.482329607009887695e-01
-2.718664705753326416e-01
-2.510462403297424316e-01
-1.459311228245496750e-02
-1.584552228450775146e-01
-1.315589398145675659e-01
-3.650369346141815186e-01
1.628799736499786377e-01
-2.109438925981521606e-01
-2.715756297111511230e-01
-2.315629869699478149e-01
-7.633319497108459473e-01
-8.752170950174331665e-03
-2.452313303947448730e-01
-8.247807621955871582e-02
2.711798250675201416e-02
4.482154846191406250e-01
-4.731850624084472656e-01
1.256692875176668167e-02
1.440735757350921631e-01
-7.732043862342834473e-01
3.187787234783172607e-01
-3.392248153686523438e-01
5.710131525993347168e-01
3.402855098247528076e-01
-2.163641303777694702e-01
3.314639329910278320e-01
-3.914347290992736816e-01
9.285248816013336182e-02
-3.683733642101287842e-01
-2.299853414297103882e-01
-5.249178409576416016e-02
-1.733901858329772949e+00
5.366274118423461914e-01
-3.752447962760925293e-01
-1.103132843971252441e+00
-1.020015478134155273e+00
4.934297204017639160e-01
-1.444465667009353638e-01
-1.782885193824768066e-01
-6.395146250724792480e-01
-9.138020873069763184e-01
-3.711753606796264648e+00
-2.940707206726074219e+00
-3.100562393665313721e-01
-3.391092419624328613e-01
3.144860565662384033e-01
-2.645140886306762695e+00
-3.213621616363525391e+00
7.698554992675781250e-01
-1.483347892761230469e+00
4.827918410301208496e-01
-3.319867253303527832e-01
-1.153367534279823303e-01
1.586300432682037354e-01
-6.796298027038574219e-01
5.017200112342834473e-01
-1.089226722717285156e+00
-1.191469311714172363e+00
8.543708920478820801e-02
6.160384416580200195e-01
-3.702076077461242676e-01
5.082705244421958923e-02
-3.868620395660400391e-01
7.324500679969787598e-01
5.087009072303771973e-01
-1.830546140670776367e+00
5.155474692583084106e-02
1.612954540178179741e-03
-2.966682434082031250e+00
1.178166791796684265e-01
-3.455994129180908203e-01
1.201378181576728821e-01
-1.163116097450256348e+00
-7.299756407737731934e-01
-5.933328270912170410e-01
-2.798317193984985352e+00
3.391083180904388428e-01
-1.073576789349317551e-02
-6.599032282829284668e-01
6.240310519933700562e-02
-6.211085319519042969e+00
1.559968441724777222e-01
2.568579614162445068e-01
7.190033793449401855e-01
-1.300124078989028931e-01
1.762803941965103149e-01
2.384481765329837799e-02
8.907571434974670410e-02
7.377631962299346924e-02
-3.327549993991851807e-01
-1.568620502948760986e-01
9.080883860588073730e-02
-2.067536562681198120e-01
-2.689660787582397461e-01
2.273676395416259766e-01
-5.554631352424621582e-01
-1.171176284551620483e-01
-1.063897926360368729e-02
-7.812083959579467773e-01
-2.337874919176101685e-01
5.187870562076568604e-02
1.359016895294189453e-01
-5.009647458791732788e-02
-2.318765074014663696e-01
-4.754418879747390747e-02
-1.552494019269943237e-01
3.026692382991313934e-02
-6.867464631795883179e-02
-4.062164127826690674e-01
-1.000740472227334976e-02
-8.954023122787475586e-01
1.246581878513097763e-02
-1.404201388359069824e-01
5.082916021347045898e-01
1.210361570119857788e-01
-5.906670540571212769e-02
-1.873009502887725830e-01
-1.195151265710592270e-02
-2.124581672251224518e-02
7.169988751411437988e-02
2.114733308553695679e-01
-3.039645850658416748e-01
7.541649788618087769e-02
3.328943625092506409e-02
1.510449647903442383e-01
-9.751779586076736450e-02
-3.972157835960388184e-02
-5.450490396469831467e-03
9.106818586587905884e-02
-4.240066930651664734e-02
6.645089387893676758e-02
-8.373029232025146484e-01
-1.336624622344970703e-01
-3.059875071048736572e-01
-3.687978684902191162e-01
-7.355154752731323242e-01
-9.226560592651367188e-02
2.600955069065093994e-01
6.390209197998046875e-01
-8.085210621356964111e-02
3.279311582446098328e-02
-3.470018804073333740e-01
-4.412052631378173828e-01
1.899282485246658325e-01
-1.127118110656738281e+00
4.545708298683166504e-01
-1.449067473411560059e+00
-6.486116647720336914e-01
-1.321732550859451294e-01
-8.383765220642089844e-01
1.245462670922279358e-01
-2.673474885523319244e-02
-1.204356312751770020e+00
1.271560322493314743e-02
-3.321950882673263550e-02
-4.651480019092559814e-01
-2.063822984695434570e+00
1.185535341501235962e-01
1.694355905055999756e-01
-1.970532387495040894e-01
3.686939775943756104e-01
1.448304355144500732e-01
7.636088877916336060e-02
-2.211792618036270142e-01
-4.025751352310180664e-01
-2.167850971221923828e+00
-1.027179434895515442e-01
4.305578172206878662e-01
-1.863890290260314941e-01
5.187740325927734375e-01
-5.564256906509399414e-01
1.484139729291200638e-02
-2.967309392988681793e-02
-5.829244256019592285e-01
7.280895113945007324e-01
2.380897253751754761e-01
3.208682239055633545e-01
-8.179214000701904297e-01
-2.742929458618164062e-01
-9.574370831251144409e-02
-3.833989500999450684e-01
-9.519384056329727173e-02
2.615405991673469543e-02
5.353291630744934082e-01
-3.174198567867279053e-01
3.842053711414337158e-01
-8.710586279630661011e-02
-6.460289657115936279e-02
-2.939096689224243164e-01
-2.983672618865966797e-01
3.260513022541999817e-02
3.528899252414703369e-01
-6.026108860969543457e-01
1.692132055759429932e-01
1.271962970495223999e-01
-1.654677838087081909e-01
-3.634229600429534912e-01
-2.987007498741149902e-01
8.380384743213653564e-02
-1.004381626844406128e-01
-2.034924179315567017e-01
-2.627515494823455811e-01
-4.519890308380126953e+00
-9.931632876396179199e-02
1.766900718212127686e-01
4.239365756511688232e-01
1.472992599010467529e-01
1.149215698242187500e-01
2.487751096487045288e-01
2.365437522530555725e-02
4.611187875270843506e-01
-2.341915965080261230e-01
4.967364296317100525e-02
1.790899932384490967e-01
9.086291491985321045e-02
-5.576889514923095703e-01
5.167194008827209473e-01
5.165142193436622620e-02
-3.619709312915802002e-01
-8.968582004308700562e-02
-2.307450771331787109e-01
3.115362226963043213e-01
-2.537065744400024414e-01
7.206143438816070557e-02
-3.474043607711791992e-01
8.015088737010955811e-02
2.660647928714752197e-01
-3.611076623201370239e-02
-4.320828020572662354e-01
1.505506485700607300e-01
2.026797980070114136e-01
1.441926928237080574e-03
9.460343420505523682e-02
9.086900949478149414e-02
-3.023248612880706787e-01
-5.144876241683959961e-01
-3.920972347259521484e-01
-1.741451025009155273e-02
-1.299284398555755615e-01
-2.915641367435455322e-01
1.063796952366828918e-01
3.158608376979827881e-01
-6.099220737814903259e-02
-1.134128272533416748e-01
-1.554726004600524902e+00
-4.108312427997589111e-01
-2.740366756916046143e-01
-1.481407135725021362e-01
1.859402805566787720e-01
-4.051495075225830078e+00
-1.625047251582145691e-02
1.721659004688262939e-01
-2.690022289752960205e-01
-6.372269392013549805e-01
1.898940950632095337e-01
-2.859948575496673584e-01
5.820139497518539429e-02
-3.952205553650856018e-02
-6.649589538574218750e-02
2.573380246758460999e-03
-4.681539535522460938e-02
-8.247248828411102295e-02
-3.634906932711601257e-02
1.173302438110113144e-02
6.682263314723968506e-02
-1.654208824038505554e-02
-2.584084868431091309e-02
4.422738030552864075e-02
-5.507396161556243896e-02
6.082822754979133606e-02
5.642095580697059631e-02
-4.299457743763923645e-02
1.109102368354797363e-01
-2.414737828075885773e-02
1.029415279626846313e-01
-1.809354685246944427e-02
4.913602955639362335e-03
6.769484840333461761e-03
5.292045697569847107e-02
-2.108925580978393555e-02
-7.264326512813568115e-02
2.846846282482147217e-01
4.699936509132385254e-01
4.547586664557456970e-02
-3.688527047634124756e-01
-3.054460585117340088e-01
-2.797667682170867920e-01
-1.261451840400695801e-01
2.570125460624694824e-01
1.086925566196441650e-01
2.754109166562557220e-02
-1.138305187225341797e+00
2.289213985204696655e-02
4.481458067893981934e-01
-1.106900334358215332e+00
4.593240618705749512e-01
-6.012801527976989746e-01
3.840430974960327148e-01
-6.285954117774963379e-01
-9.259874820709228516e-01
6.007603406906127930e-01
-4.763404652476310730e-02
2.413211762905120850e-01
-2.187226295471191406e+00
-1.336906254291534424e-01
3.441661298274993896e-01
1.079802438616752625e-01
-6.733105331659317017e-02
-1.805067211389541626e-01
1.205637231469154358e-01
-2.925127148628234863e-01
-9.743567556142807007e-02
2.579751908779144287e-01
-4.362067580223083496e-01
1.390850543975830078e-01
-3.217519447207450867e-02
2.676166892051696777e-01
1.272931247949600220e-01
7.730754464864730835e-02
7.531093433499336243e-03
1.103010401129722595e-01
2.059326171875000000e-01
-2.145493626594543457e-01
2.909528277814388275e-02
-8.434129506349563599e-02
1.704993396997451782e-01
-1.143124997615814209e-01
-1.731633394956588745e-01
2.173000276088714600e-01
1.479365229606628418e-01
-1.399482786655426025e-01
1.036840155720710754e-01
3.434767201542854309e-02
-2.911114990711212158e-01
-4.767419397830963135e-01
-4.745984971523284912e-01
-2.258661575615406036e-02
-3.597303107380867004e-02
1.731607615947723389e-01
-2.595764100551605225e-01
-5.532687157392501831e-02
1.989095360040664673e-01
-2.632014825940132141e-02
-7.093999981880187988e-01
1.966851390898227692e-02
-1.511040180921554565e-01
-8.039112091064453125e-01
-7.886558771133422852e-01
2.832013368606567383e-02
-9.813965111970901489e-02
-7.770948112010955811e-02
1.443779747933149338e-02
-1.469487249851226807e-01
1.101401052437722683e-03
6.071932613849639893e-02
-1.365272141993045807e-02
9.775618463754653931e-02
-1.518942415714263916e-01
-4.081051945686340332e-01
4.171964824199676514e-01
-1.982610225677490234e+00
7.785554975271224976e-03
-1.255055814981460571e-01
3.891511261463165283e-01
2.010795027017593384e-01
-1.652520336210727692e-02
-2.387785762548446655e-01
-3.000373244285583496e-01
2.549595534801483154e-01
6.332206726074218750e-02
2.117327004671096802e-01
4.491332173347473145e-01
5.431722998619079590e-01
4.970621783286333084e-03
3.665010631084442139e-02
2.672401070594787598e-01
-1.115222461521625519e-02
1.686581820249557495e-01
1.260333657264709473e-01
-1.074866205453872681e-01
-2.005510330200195312e-01
-9.315718710422515869e-02
-1.299488991498947144e-01
-4.548076093196868896e-01
-2.935163974761962891e-01
-3.401213586330413818e-01
-4.983721673488616943e-01
-2.647925615310668945e-01
-1.168953701853752136e-01
-2.110135853290557861e-01
-4.818841814994812012e-02
9.192058444023132324e-02
-2.531325072050094604e-02
-7.291718721389770508e-01
-4.785094857215881348e-01
2.197458408772945404e-02
-3.062843382358551025e-01
-1.062086224555969238e-01
-1.937185376882553101e-01
-9.052615612745285034e-02
-3.123616278171539307e-01
2.142245024442672729e-01
-5.988464355468750000e-01
2.480833828449249268e-01
-6.037332117557525635e-02
-6.248835921287536621e-01
