23  23  23  23  23  23  23  23  23  23  24  24  24  24  24  24
23  23  23  23  23  23  23  23  23  23  24  24  24  24  24  24
23  23  23  23  23  23  23  23  23  23  24  24  24  24  24  24
23  23  23  23  23  23  23  23  23  23  24  24  24  24  24  24
23  23  23  23  23  23  23  23  23  23  24  24  24  24  24  24
23  23  23  23  23  23  23  23  23  23  24  24  24  24  24  24
23  23  23  23  23  23  25  23  23  23  23  23  23  23  23  23
28  28  28  28  28  28  28  25  23  23  23  23  23  23  23  23
26  26  26  26  26  26  28  25  23  23  26  26  26  26  26  26
24  24  24  24  24  24  28  25  23  23  29  29  29  29  29  29
27  27  27  27  27  27  28  25  23  23  26  26  26  26  26  26
27  27  27  27  27  27  28  25  23  23  26  26  26  26  26  26
27  27  27  27  27  27  28  25  23  23  26  26  26  26  26  26
27  27  27  27  27  27  28  25  23  23  26  26  26  26  26  26
27  27  27  27  27  27  28  25  23  23  26  26  26  26  26  26
27  27  27  27  27  27  28  25  23  23  26  26  26  26  26  26
