weights 1
[[[[-1.06748891  0.81609154 -0.28638655  0.81337714  0.87828887 -0.42350316
    -0.66105235 -0.78202289  2.18890977  1.38216341  1.14538956 -0.31084207
     0.96428472  1.8082397  -0.17928927  0.41493177 -0.53857577 -0.98659235
    -0.35506535  1.65313101  0.3255482   0.72386497 -0.13802895  0.31245854
     1.46241808 -0.05000358 -0.24457654 -2.00372934  0.10137478  1.08089328]
   [ 0.26757377  0.63796449 -0.85529965  0.19994141 -0.86475104  0.17727141
    -0.08799451 -0.77360082  0.64860857  0.20388809  0.00420309 -0.48373571
    -0.20794532  0.88542551 -1.80852687  0.80815428  0.79064929 -1.4206928
     2.97682595 -0.41098213  0.37635034 -0.42828754  2.95998359  0.12119814
    -1.58279347  0.37457982  0.19352068 -1.04190528 -0.0465841  -1.13441241]]]]
weights 2
[[[[ -6.35358274e-01   6.93900526e-01  -5.11963785e-01   6.71115100e-01
     -3.87736320e-01   6.29406154e-01  -6.58203185e-01   1.61502039e+00
      4.07314539e-01   6.92063123e-02   1.52643764e+00  -6.42390013e-01
      8.46951127e-01   5.87285101e-01   1.77218150e-02  -9.00905430e-01
     -1.27310944e+00  -1.09903312e+00  -6.80205375e-02   1.01822007e+00]
   [ -1.31665909e+00  -1.67055643e+00   1.74121428e+00  -3.21395583e-02
     -3.17698509e-01  -1.02072132e+00   1.57569528e-01  -6.36536419e-01
      6.93988144e-01  -1.06642282e+00  -1.19530535e+00  -9.53373373e-01
     -1.72288620e+00   1.54077411e+00   1.64292932e-01   7.31725454e-01
      5.63712060e-01   1.60763037e+00  -2.31113851e-01   1.23993838e+00]
   [  1.27447039e-01   5.62581778e-01   5.12676954e-01   3.19128215e-01
     -5.14362380e-02  -1.76728085e-01  -2.34059006e-01   1.07069802e+00
      1.96274027e-01   3.17069203e-01   2.03955102e+00  -1.55125976e-01
     -3.07570755e-01   2.29185760e-01  -1.41529486e-01  -4.72041756e-01
      1.68316555e+00   1.17473423e+00  -1.03181529e+00   1.25921905e+00]
   [  2.56904542e-01  -2.22629458e-02  -7.74824262e-01  -7.21431136e-01
     -6.46571934e-01  -9.22703147e-01   1.58318973e+00   1.01016045e+00
     -1.07925749e+00  -1.92496049e+00   8.62472951e-01   7.79682118e-03
     -8.62324178e-01   1.55150130e-01  -4.38280612e-01   8.02716672e-01
     -1.44127190e+00  -1.85499430e-01   9.72090065e-01   1.03548956e+00]
   [  1.39197671e+00   5.35785615e-01   5.91648459e-01   4.54521954e-01
      1.27277803e+00  -3.56694758e-02   2.10130167e+00   8.14437270e-01
     -1.42908227e+00  -5.53495288e-01   1.39187229e+00   8.50142911e-02
      1.10420752e+00  -1.10640824e-01   9.82058465e-01   1.43945217e+00
     -6.92878008e-01   1.27153707e+00   6.39532983e-01   1.28007174e+00]
   [  6.86595082e-01  -1.49220753e+00  -1.47146881e-01  -5.51328361e-01
      8.30579698e-01   1.20035172e+00   2.64119267e-01  -2.47837329e+00
      7.04665542e-01   2.75597155e-01  -4.22122478e-02  -4.04637724e-01
     -6.70513272e-01  -1.48564553e+00   3.57102007e-01  -7.34710172e-02
     -1.19946277e+00   3.98448229e-01  -1.98825169e+00   7.00822115e-01]
   [ -9.75386024e-01  -7.72086978e-02   4.58647646e-02  -1.67979464e-01
     -2.49483609e+00   1.28146482e+00   4.21204209e-01  -4.47635084e-01
      1.63305640e+00   1.21592474e+00  -4.63233829e-01   8.94979954e-01
     -5.63015342e-02   1.01107013e+00   8.00481677e-01   1.23190379e+00
      2.34840870e-01   1.65602326e+00   1.32911325e+00  -3.52139324e-02]
   [ -1.02918410e+00   1.83049038e-01   6.08666301e-01  -5.61422050e-01
     -3.61321062e-01  -1.79246664e+00  -6.47611916e-01   5.20996630e-01
      1.34128845e+00   1.24036777e+00   9.47104335e-01  -4.97021258e-01
      3.18091720e-01   2.22746179e-01   1.06092918e+00  -3.13939333e-01
     -5.15250206e-01  -8.21535170e-01  -4.94563878e-02   1.17289657e-02]
   [  1.54564083e-01   7.86682963e-01   1.79218161e+00   1.14511233e-02
     -6.99658319e-02  -1.79061756e-01  -4.06264007e-01   1.77907646e+00
     -2.44468719e-01  -1.23023534e+00  -5.97950220e-01  -8.61035109e-01
      6.24818504e-01  -1.66268897e+00  -4.49308068e-01  -7.43764043e-01
     -1.62197709e-01  -1.07571989e-01   1.26828837e+00  -1.50979400e+00]
   [  2.49358907e-01   1.28890097e+00   7.98179269e-01  -1.06710207e+00
      1.79104537e-01  -3.57828796e-01   6.11550570e-01  -1.98736084e+00
     -8.63860369e-01  -3.11829507e-01   1.45752752e+00   7.44896591e-01
      2.11722803e+00  -1.24294126e+00   1.37256360e+00  -1.70528635e-01
      2.38130045e+00  -5.90124488e-01   7.69217491e-01   8.37070942e-01]
   [  1.60241890e+00  -2.05169618e-01   5.13742268e-01  -1.31632292e+00
     -8.23159337e-01  -1.29670465e+00   1.35298324e+00  -3.64992797e-01
      6.41787112e-01   1.16423440e+00  -5.63308001e-01   1.53196263e+00
     -2.80094445e-01  -4.91866291e-01  -5.54505587e-01   3.88250262e-01
     -6.66141868e-01   1.97847962e-01   1.77947909e-03   1.04703927e+00]
   [ -1.20480865e-01  -1.67320743e-01   2.28111953e-01   1.50154567e+00
     -5.28422713e-01  -5.26575267e-01   6.92559361e-01  -7.45680749e-01
      1.77361691e+00  -9.91925776e-01  -8.19913924e-01   6.36392832e-02
      1.13311298e-01   1.47938275e+00   4.34006780e-01  -9.06138361e-01
     -1.06452358e+00  -3.05123985e-01  -1.75716770e+00   6.34096563e-01]
   [  3.91899981e-02   1.24319232e+00   5.41464686e-01  -1.43196237e+00
     -1.63852215e-01  -1.34035897e+00   2.99827427e-01  -1.47420573e+00
     -4.31328744e-01   9.38572824e-01   8.61820638e-01  -4.69974382e-03
     -2.04979730e+00  -6.96564674e-01  -5.47579050e-01  -6.53832734e-01
     -5.31343341e-01   7.66931593e-01  -5.29591799e-01   1.06869006e+00]
   [  7.13325202e-01   9.28596795e-01  -5.04322231e-01  -2.80285895e-01
      1.82289112e+00  -8.67652148e-02  -1.07055581e+00  -1.77046978e+00
     -3.85281622e-01   5.69553018e-01  -2.03131390e+00  -7.32493699e-01
     -7.09444761e-01   7.69033432e-01  -3.50840181e-01  -1.43980360e+00
      1.67388511e+00  -1.58883166e+00  -2.27238107e+00  -2.99242288e-01]
   [  6.67876661e-01  -1.60236299e+00  -7.65201390e-01  -1.40320396e+00
      8.46713662e-01  -3.51233810e-01   1.72048122e-01  -1.03853905e+00
      6.43587187e-02   2.31805563e+00   7.39088416e-01  -9.53090847e-01
     -7.29020476e-01  -1.63890779e+00  -1.31528229e-01   1.39151037e+00
      2.48084113e-01  -3.69873106e-01  -8.82148445e-01  -1.57445610e-01]
   [ -1.19851232e+00  -5.02295077e-01  -7.02944815e-01  -6.73842311e-01
     -2.91787833e-01  -2.60732055e-01   3.54290873e-01   1.10701060e+00
      6.34530485e-01  -1.16960609e+00  -1.15346634e+00   9.39365208e-01
      3.17908257e-01   8.30873549e-01   1.26679957e+00   6.52478278e-01
     -1.33223742e-01   1.39132649e-01  -1.04160570e-01  -1.02613890e+00]
   [  7.21352175e-02   4.93996024e-01   1.65270954e-01  -1.12063490e-01
     -5.65895855e-01   6.64219558e-01   2.19788715e-01  -3.25907558e-01
     -9.12894726e-01  -3.35337222e-01   1.17331350e+00   1.09737587e+00
      6.87367737e-01  -7.67967552e-02   1.68361294e+00   1.35027444e+00
      1.03881776e+00  -5.72483003e-01   9.72918868e-01   4.19657193e-02]
   [ -4.78452712e-01   5.09683371e-01  -8.05230558e-01  -1.69451725e+00
     -7.05205023e-01  -5.01315951e-01  -1.03213467e-01   2.11364582e-01
     -5.69636345e-01  -1.39541030e-01  -4.96096730e-01   9.75376666e-01
     -8.38436544e-01  -6.57905698e-01  -1.09362638e+00  -8.24342430e-01
     -3.39501888e-01   6.88585162e-01   1.03730619e-01   1.73698410e-01]
   [  1.50801575e+00  -9.01932538e-01   1.76606870e+00  -2.51701570e+00
     -1.34234801e-01  -1.25914380e-01   1.07083976e-01  -8.67645204e-01
     -1.11848736e+00   5.53542078e-01   5.16614854e-01  -2.30792388e-01
     -1.07541108e+00   9.38704669e-01  -5.92894554e-01   9.75953937e-02
     -1.16192028e-01  -3.85061175e-01   2.33549014e-01   2.39207029e-01]
   [  9.36573982e-01   1.00191855e+00   1.37570894e+00  -5.81275523e-01
      6.75415933e-01   7.89492846e-01  -1.00247204e+00  -6.15555346e-01
     -1.75442493e+00  -1.09664209e-01  -1.92712641e+00  -5.17245889e-01
      1.09828401e+00   7.38338053e-01   1.47367513e+00  -6.41378582e-01
      1.35581732e+00  -9.88016367e-01   5.00002027e-01   4.50545788e-01]
   [  1.50206935e+00  -5.66755414e-01   6.09160997e-02   1.02061212e+00
      5.50060928e-01  -1.57330942e+00   1.01903784e+00  -4.56266403e-01
      2.55871058e-01  -5.98791897e-01  -6.00837031e-03   3.18607092e-01
     -8.04466456e-02   3.25195819e-01  -2.34154034e+00   4.58745092e-01
      5.68478882e-01  -2.97788382e-01   1.50936389e+00   1.25691938e+00]
   [  8.91629755e-01   1.25327432e+00  -4.54590768e-01  -9.97149169e-01
     -1.84354365e-01   1.30692899e+00   3.97343963e-01  -6.54371917e-01
     -1.22319095e-01  -4.23556209e-01   3.92144248e-02  -1.13441920e+00
      1.75117999e-01   6.76325738e-01   4.07562107e-02   1.34267414e+00
      1.17809105e+00  -1.46009132e-01   3.50133628e-01   1.91839844e-01]
   [ -9.53605592e-01   1.44780445e+00   7.69104719e-01   1.37026608e-01
     -8.03991616e-01  -8.18535388e-01  -1.12489748e+00  -1.24132574e+00
      4.41563040e-01   1.55738449e+00   9.27547961e-02   5.70101678e-01
     -2.44585395e-01  -1.00532770e+00  -2.67885625e-01  -3.88103753e-01
     -2.21850038e+00   5.23897350e-01   2.64372826e+00  -1.27851844e+00]
   [ -6.81601644e-01   6.12209797e-01   7.42631674e-01  -7.81633914e-01
     -3.00973803e-01  -3.73422354e-01   1.44547200e+00   5.13415456e-01
      6.98296666e-01   6.99127436e-01   5.71295202e-01  -2.01734519e+00
      1.80004060e-01   2.29020691e+00   7.23009408e-02  -3.35533202e-01
      1.84086537e+00  -8.76847982e-01   7.98360288e-01   6.77360117e-01]
   [  1.03706288e+00  -4.88657445e-01   7.63098419e-01  -4.86224353e-01
     -1.03246987e+00  -3.00219297e-01   1.03960299e+00  -3.02041382e-01
     -2.24538803e-01  -7.82442391e-01  -2.04864159e-01  -9.50181544e-01
     -1.21529996e+00   1.26877534e+00  -1.18379660e-01   7.86173046e-01
      1.42628860e+00  -8.32781419e-02  -3.72502863e-01   9.22934353e-01]
   [  2.61911631e-01   1.89570665e+00   2.35096782e-01  -2.12788081e+00
     -1.27054334e+00  -1.12677550e+00   9.64246869e-01  -4.22894120e-01
     -2.34432742e-01   1.30098745e-01  -7.08472669e-01   1.07126021e+00
     -1.51914847e+00   1.43083119e+00   5.94202839e-02   2.90949345e-01
      7.04367697e-01   8.20899248e-01  -1.06177342e+00  -1.61792231e+00]
   [ -2.16319725e-01   7.63377011e-01  -7.89088666e-01   7.67538607e-01
     -1.60360777e+00  -1.16045332e+00  -5.94810724e-01  -2.15243673e+00
     -7.35367119e-01   4.98608463e-02   4.96007740e-01  -1.38519216e+00
      9.84018922e-01   4.95005935e-01   1.91715837e+00  -2.47431055e-01
     -2.15398455e+00  -2.67978281e-01  -4.93329734e-01  -1.52509367e+00]
   [  1.80485344e+00  -9.06628907e-01  -1.08146501e+00   7.94605911e-02
     -8.42117786e-01  -1.45987988e+00   1.08500850e+00  -6.67754889e-01
     -8.74139443e-02  -2.66037732e-01  -8.67308438e-01  -1.49161434e+00
      2.28021979e-01   1.54097581e+00  -3.44823927e-01   3.09458494e-01
      4.59565878e-01  -1.06526995e+00   4.01132274e-03   3.87712084e-02]
   [ -1.44032693e+00  -4.80009884e-01  -1.48013502e-01  -6.58313155e-01
      1.75595671e-01   4.43155348e-01   5.01852892e-02  -1.08753574e+00
      2.98204035e-01  -1.90811098e-01  -1.06350052e+00   1.12341154e+00
      1.17270149e-01  -5.85287154e-01   3.32837462e-01   7.34537661e-01
      5.73322713e-01   1.38005629e-01  -1.26361108e+00  -7.27080047e-01]
   [  1.09195769e+00  -1.04907465e+00  -7.69673437e-02  -6.86242700e-01
     -5.86146832e-01  -1.70898688e+00  -5.17792344e-01  -9.13697779e-01
     -7.06250787e-01   1.42088950e+00  -2.50640493e-02  -4.39654738e-01
     -1.74672902e+00  -7.41937220e-01  -2.93282568e-01  -6.19072556e-01
     -2.08677843e-01   4.91428614e-01   8.62230897e-01   1.20033920e+00]]]]
weights output
[[[[ 0.13665925]
   [ 0.04548816]
   [ 2.73018622]
   [ 0.42095912]
   [ 0.19581126]
   [-1.30096686]
   [-1.44326675]
   [-0.08350103]
   [-0.04869637]
   [ 0.66875988]]]]
bias 1
[  1.03820717e+00   5.97542385e-04   3.63274217e-01  -1.75992474e-01
  -1.13253184e-02  -1.35504317e+00  -7.65816808e-01  -1.82717070e-01
   1.27598166e+00  -6.70888007e-01   1.13451552e+00  -3.88327330e-01
  -6.95631430e-02  -1.28285825e+00  -8.51412773e-01   7.47262657e-01
   2.06250817e-01  -1.02763690e-01   8.87416482e-01  -1.02055681e+00
   5.55464685e-01   1.28703344e+00   7.21377850e-01   1.28980470e+00
   6.95470154e-01  -7.79917240e-01  -1.06979859e+00   1.43794334e+00
  -2.00478148e+00  -1.49977672e+00]
bias 2
[ 1.05872154  0.25530517 -1.23658824 -1.11603999 -0.4230727  -0.31389496
 -1.15350449  0.24106072 -0.80136609  0.10933606 -0.06906956 -0.39321595
  0.92797565  0.53866237 -0.02672572  0.30671075  0.75201452 -0.14948063
  0.16867581 -1.79928124]
bias output
[-0.74855471]